1     0.120927 0.106536 0.006753 0.000000 0.000014 0.000390
2     0.007687 0.002276 0.002181 0.000000 0.000019 0.000097
3     0.006700 0.001775 0.001252 0.000000 0.000022 0.000103
4     0.004796 0.001045 0.001451 0.000000 0.000007 0.000061
5     0.005037 0.001462 0.001436 0.000000 0.000009 0.000077
6     0.005016 0.001032 0.001087 0.000000 0.000016 0.000091
7     0.005057 0.001653 0.001119 0.000000 0.000006 0.000076
8     0.005105 0.001152 0.001693 0.000000 0.000009 0.000089
9     0.003742 0.001537 0.000755 0.000000 0.000005 0.000057
10     0.004481 0.001017 0.001041 0.000000 0.000006 0.000099
11     0.004693 0.001398 0.000842 0.000000 0.000006 0.000066
12     0.005618 0.000995 0.001071 0.000000 0.000006 0.000146
13     0.015209 0.011227 0.001367 0.000000 0.000006 0.000187
14     0.004442 0.001235 0.000899 0.000000 0.000006 0.000059
15     0.003055 0.000777 0.001092 0.000000 0.000005 0.000145
16     0.004272 0.001259 0.000928 0.000000 0.000007 0.000068
17     0.004448 0.001367 0.000932 0.000000 0.000006 0.000184
18     0.005470 0.001630 0.001091 0.000000 0.000009 0.000062
19     0.006168 0.000989 0.001418 0.000000 0.000008 0.000206
20     0.003325 0.000831 0.000951 0.000000 0.000006 0.000057
21     0.004138 0.001339 0.000940 0.000000 0.000006 0.000170
22     0.004499 0.001560 0.000984 0.000000 0.000006 0.000043
23     0.003388 0.000985 0.000754 0.000000 0.000005 0.000153
24     0.005414 0.001797 0.000813 0.000000 0.000005 0.000081
25     0.004289 0.001129 0.001060 0.000000 0.000017 0.000192
26     0.015568 0.012163 0.001027 0.000000 0.000008 0.000085
27     0.005965 0.001666 0.000986 0.000000 0.000009 0.000165
28     0.004088 0.001022 0.000737 0.000000 0.000006 0.000049
29     0.003761 0.000832 0.001105 0.000000 0.000008 0.000191
30     0.005253 0.001987 0.000816 0.000000 0.000009 0.000073
31     0.003712 0.000944 0.000907 0.000000 0.000006 0.000149
32     0.003985 0.001275 0.000953 0.000000 0.000008 0.000061
33     0.003238 0.000939 0.000898 0.000000 0.000008 0.000241
34     0.004399 0.001547 0.000875 0.000000 0.000008 0.000086
35     0.004006 0.001002 0.001111 0.000000 0.000007 0.000162
36     0.005315 0.001506 0.001290 0.000000 0.000008 0.000052
37     0.004354 0.000874 0.001643 0.000000 0.000012 0.000220
38     0.004100 0.001535 0.000889 0.000000 0.000008 0.000054
39     0.011610 0.009217 0.001170 0.000000 0.000009 0.000214
40     0.004236 0.001293 0.001292 0.000000 0.000008 0.000151
41     0.004327 0.001363 0.000986 0.000000 0.000007 0.000216
42     0.004916 0.001455 0.001207 0.000000 0.000010 0.000106
43     0.005549 0.001312 0.001388 0.000000 0.000013 0.000372
44     0.004879 0.001407 0.000824 0.000000 0.000006 0.000055
45     0.003630 0.000989 0.001274 0.000000 0.000011 0.000219
46     0.004127 0.001136 0.000939 0.000000 0.000008 0.000051
47     0.003617 0.000858 0.000977 0.000000 0.000009 0.000169
48     0.004276 0.001184 0.000866 0.000000 0.000007 0.000061
49     0.005022 0.001368 0.001149 0.000000 0.000010 0.000310
50     0.005148 0.001364 0.001024 0.000000 0.000009 0.000508
51     0.006387 0.002322 0.002833 0.000000 0.000008 0.000072
52     0.011491 0.008806 0.000896 0.000000 0.000006 0.000215
53     0.004117 0.001043 0.000877 0.000000 0.000006 0.000055
54     0.005152 0.001593 0.001569 0.000000 0.000012 0.000339
55     0.004731 0.001324 0.001202 0.000000 0.000011 0.000080
56     0.020636 0.002415 0.015421 0.000000 0.000013 0.000292
57     0.003445 0.001407 0.000840 0.000000 0.000005 0.000048
58     0.003151 0.000684 0.001018 0.000000 0.000006 0.000156
59     0.002964 0.000851 0.000826 0.000000 0.000006 0.000047
60     0.004458 0.001169 0.000908 0.000000 0.000006 0.000353
61     0.003988 0.001147 0.001059 0.000000 0.000008 0.000214
62     0.003532 0.000913 0.001015 0.000000 0.000009 0.000200
63     0.002909 0.000997 0.000901 0.000000 0.000010 0.000060
64     0.004272 0.001050 0.001175 0.000000 0.000009 0.000237
65     0.014361 0.011845 0.000712 0.000000 0.000008 0.000085
66     0.005421 0.001224 0.001202 0.000000 0.000009 0.000275
67     0.003605 0.001133 0.000687 0.000000 0.000009 0.000067
68     0.003166 0.000877 0.000789 0.000000 0.000006 0.000156
69     0.003049 0.001285 0.000717 0.000000 0.000006 0.000048
70     0.004169 0.001312 0.001096 0.000000 0.000007 0.000204
71     0.004708 0.001321 0.000917 0.000000 0.000005 0.000058
72     0.004368 0.001093 0.001134 0.000000 0.000007 0.000208
73     0.003930 0.000968 0.000782 0.000000 0.000005 0.000060
74     0.003600 0.000834 0.000815 0.000000 0.000006 0.000187
75     0.003372 0.001226 0.000806 0.000000 0.000006 0.000080
76     0.003928 0.001003 0.000798 0.000000 0.000008 0.000150
77     0.003801 0.000990 0.000975 0.000000 0.000009 0.000057
78     0.013852 0.010814 0.001186 0.000000 0.000006 0.000193
79     0.003627 0.001125 0.000849 0.000000 0.000007 0.000065
80     0.004020 0.001069 0.001122 0.000000 0.000007 0.000198
81     0.003726 0.001336 0.001025 0.000000 0.000006 0.000084
82     0.005722 0.002088 0.001131 0.000000 0.000007 0.000230
83     0.004017 0.001338 0.001135 0.000000 0.000016 0.000077
84     0.006101 0.001514 0.001971 0.000000 0.000006 0.000227
85     0.005109 0.001602 0.001166 0.000000 0.000011 0.000131
86     0.005232 0.001180 0.001039 0.000000 0.000007 0.000253
87     0.003702 0.001226 0.000893 0.000000 0.000008 0.000091
88     0.007932 0.000882 0.004703 0.000000 0.000011 0.000275
89     0.004382 0.001309 0.000856 0.000000 0.000007 0.000057
90     0.006920 0.002540 0.001403 0.000000 0.000012 0.000245
91     0.014727 0.011603 0.001330 0.000000 0.000008 0.000085
92     0.005036 0.001586 0.001452 0.000000 0.000016 0.000257
93     0.003721 0.001123 0.001109 0.000000 0.000017 0.000064
94     0.004758 0.000953 0.001600 0.000000 0.000008 0.000217
95     0.004394 0.001131 0.001287 0.000000 0.000009 0.000049
96     0.004246 0.000868 0.001022 0.000000 0.000015 0.000184
97     0.004115 0.001064 0.001006 0.000000 0.000009 0.000047
98     0.004518 0.000697 0.001347 0.000000 0.000012 0.000410
99     0.004069 0.001175 0.001397 0.000000 0.000018 0.000064
100     0.006232 0.000808 0.002053 0.000000 0.000013 0.000289
101     0.003668 0.000861 0.001041 0.000000 0.000012 0.000055
102     0.004428 0.000790 0.001673 0.000000 0.000008 0.000196
103     0.003900 0.000893 0.001452 0.000000 0.000007 0.000047
104     0.013673 0.010022 0.001428 0.000000 0.000009 0.000264
105     0.003681 0.001142 0.000959 0.000000 0.000017 0.000053
106     0.003854 0.000750 0.001301 0.000000 0.000007 0.000160
107     0.003954 0.001056 0.000933 0.000000 0.000006 0.000047
108     0.004293 0.000649 0.001331 0.000000 0.000007 0.000203
109     0.003494 0.000962 0.000864 0.000000 0.000009 0.000047
110     0.004408 0.000711 0.001172 0.000000 0.000006 0.000152
111     0.002983 0.000880 0.001068 0.000000 0.000009 0.000056
112     0.003509 0.000784 0.000988 0.000000 0.000006 0.000150
113     0.003790 0.000710 0.001667 0.000000 0.000006 0.000055
114     0.003823 0.000682 0.001132 0.000000 0.000014 0.000163
115     0.003639 0.000736 0.001093 0.000000 0.000012 0.000055
116     0.003202 0.000645 0.000950 0.000000 0.000006 0.000204
117     0.013432 0.010605 0.001366 0.000000 0.000019 0.000086
118     0.003687 0.000756 0.001072 0.000000 0.000017 0.000380
119     0.003183 0.000808 0.000862 0.000000 0.000008 0.000043
120     0.004065 0.000587 0.001090 0.000000 0.000023 0.000289
121     0.003093 0.000685 0.000955 0.000000 0.000011 0.000056
122     0.003722 0.000659 0.001132 0.000000 0.000010 0.000178
123     0.002684 0.000841 0.000862 0.000000 0.000007 0.000042
124     0.005348 0.001779 0.001495 0.000000 0.000014 0.000345
125     0.003785 0.001170 0.000810 0.000000 0.000007 0.000043
126     0.003339 0.000785 0.000972 0.000000 0.000006 0.000187
127     0.004461 0.001207 0.000973 0.000000 0.000007 0.000065
128     0.004636 0.001224 0.001138 0.000000 0.000006 0.000184
129     0.003305 0.001193 0.000885 0.000000 0.000010 0.000073
130     0.017310 0.013893 0.001224 0.000000 0.000009 0.000278
131     0.004195 0.001292 0.000973 0.000000 0.000009 0.000084
132     0.005442 0.000945 0.001558 0.000000 0.000012 0.000352
133     0.004029 0.000991 0.001076 0.000000 0.000009 0.000061
134     0.004949 0.001120 0.001220 0.000000 0.000010 0.000243
135     0.003254 0.001124 0.001201 0.000000 0.000010 0.000074
136     0.004586 0.001021 0.001114 0.000000 0.000007 0.000174
137     0.003634 0.001100 0.000755 0.000000 0.000008 0.000054
138     0.003794 0.000972 0.000977 0.000000 0.000007 0.000212
139     0.003679 0.001082 0.000818 0.000000 0.000006 0.000050
140     0.003530 0.001083 0.000867 0.000000 0.000006 0.000192
141     0.003731 0.001085 0.001115 0.000000 0.000008 0.000089
142     0.004525 0.001126 0.000921 0.000000 0.000007 0.000436
143     0.014636 0.011580 0.000778 0.000000 0.000006 0.000081
144     0.003946 0.000939 0.000784 0.000000 0.000007 0.000145
145     0.003465 0.000961 0.000746 0.000000 0.000008 0.000057
146     0.003212 0.000924 0.000791 0.000000 0.000005 0.000152
147     0.002900 0.001038 0.000820 0.000000 0.000007 0.000064
148     0.003892 0.001012 0.001001 0.000000 0.000007 0.000436
149     0.003260 0.001003 0.000775 0.000000 0.000006 0.000048
150     0.003360 0.000777 0.000954 0.000000 0.000005 0.000158
151     0.003127 0.000889 0.000721 0.000000 0.000006 0.000047
152     0.003513 0.000978 0.000878 0.000000 0.000006 0.000165
153     0.002793 0.000935 0.000806 0.000000 0.000006 0.000055
154     0.003596 0.001023 0.000868 0.000000 0.000006 0.000163
155     0.003634 0.001006 0.000783 0.000000 0.000016 0.000056
156     0.014252 0.011051 0.000940 0.000000 0.000007 0.000190
157     0.003902 0.001148 0.000841 0.000000 0.000009 0.000050
158     0.003289 0.000744 0.000871 0.000000 0.000005 0.000138
159     0.002534 0.000841 0.000730 0.000000 0.000012 0.000046
160     0.003650 0.000901 0.000860 0.000000 0.000008 0.000159
161     0.003560 0.001106 0.000809 0.000000 0.000006 0.000057
162     0.003666 0.000734 0.000951 0.000000 0.000006 0.000150
163     0.003378 0.001005 0.000821 0.000000 0.000008 0.000048
164     0.003331 0.000703 0.001037 0.000000 0.000006 0.000146
165     0.002982 0.001161 0.000757 0.000000 0.000005 0.000057
166     0.003607 0.000998 0.000988 0.000000 0.000007 0.000191
167     0.003389 0.001004 0.000758 0.000000 0.000006 0.000056
168     0.003893 0.000771 0.000803 0.000000 0.000009 0.000140
169     0.013372 0.010517 0.001110 0.000000 0.000007 0.000088
170     0.003399 0.000856 0.000900 0.000000 0.000005 0.000145
171     0.002704 0.000864 0.000800 0.000000 0.000006 0.000115
172     0.003872 0.000935 0.000855 0.000000 0.000006 0.000241
173     0.003592 0.000981 0.000956 0.000000 0.000006 0.000085
174     0.003775 0.001283 0.000946 0.000000 0.000005 0.000138
175     0.002993 0.001100 0.000697 0.000000 0.000006 0.000053
176     0.003936 0.000772 0.001877 0.000000 0.000009 0.000170
177     0.002237 0.000762 0.000738 0.000000 0.000006 0.000042
178     0.002644 0.000634 0.000735 0.000000 0.000005 0.000138
179     0.003921 0.001353 0.000869 0.000000 0.000006 0.000074
180     0.004787 0.001342 0.001237 0.000000 0.000006 0.000184
181     0.003395 0.001171 0.000738 0.000000 0.000006 0.000055
182     0.014126 0.011586 0.001030 0.000000 0.000006 0.000197
183     0.002741 0.000956 0.000766 0.000000 0.000006 0.000047
184     0.003195 0.000937 0.000828 0.000000 0.000007 0.000183
185     0.003807 0.000978 0.001381 0.000000 0.000006 0.000050
186     0.004457 0.000857 0.001315 0.000000 0.000007 0.000208
187     0.004854 0.001636 0.001211 0.000000 0.000010 0.000087
188     0.005419 0.001595 0.001406 0.000000 0.000014 0.000367
189     0.005390 0.001654 0.001331 0.000000 0.000025 0.000091
190     0.005163 0.001202 0.001741 0.000000 0.000007 0.000217
191     0.004941 0.001566 0.001245 0.000000 0.000013 0.000087
192     0.006749 0.001194 0.001898 0.000000 0.000012 0.000299
193     0.005207 0.001963 0.000975 0.000000 0.000010 0.000071
194     0.004916 0.001076 0.001184 0.000000 0.000018 0.000296
195     0.018666 0.016183 0.001061 0.000000 0.000012 0.000099
196     0.005279 0.001127 0.001194 0.000000 0.000012 0.000320
197     0.005660 0.001197 0.002173 0.000000 0.000014 0.000076
198     0.004305 0.001215 0.001174 0.000000 0.000010 0.000275
199     0.004751 0.001708 0.001283 0.000000 0.000012 0.000084
200     0.006200 0.001203 0.001592 0.000000 0.000011 0.000374
201     0.005169 0.002341 0.001322 0.000000 0.000011 0.000084
202     0.006310 0.001023 0.001965 0.000000 0.000010 0.000271
203     0.006005 0.001592 0.001874 0.000000 0.000019 0.000086
204     0.009564 0.001186 0.004292 0.000000 0.000011 0.000257
205     0.006433 0.001373 0.001669 0.000000 0.000013 0.000086
206     0.008268 0.001230 0.003567 0.000000 0.000015 0.000371
207     0.053010 0.015113 0.031012 0.000000 0.000011 0.001966
208     0.015048 0.010921 0.001275 0.000000 0.000010 0.000201
209     0.003741 0.000933 0.001169 0.000000 0.000008 0.000045
210     0.003432 0.000706 0.000954 0.000000 0.000007 0.000382
211     0.003199 0.000817 0.000926 0.000000 0.000006 0.000042
212     0.003575 0.000703 0.000932 0.000000 0.000007 0.000175
213     0.003774 0.000904 0.001410 0.000000 0.000015 0.000051
214     0.005929 0.000877 0.001084 0.000000 0.000010 0.001809
215     0.012791 0.001764 0.000944 0.000000 0.000013 0.000082
216     0.021362 0.001813 0.005238 0.000000 0.000017 0.000456
217     0.005597 0.001438 0.001025 0.000000 0.000010 0.000063
218     0.004988 0.000994 0.001036 0.000000 0.000009 0.000279
219     0.003162 0.001059 0.000707 0.000000 0.000006 0.000045
220     0.006841 0.001641 0.002002 0.000000 0.000018 0.000342
221     0.018538 0.014812 0.001033 0.000000 0.000008 0.000096
222     0.004964 0.001006 0.001337 0.000000 0.000008 0.000233
223     0.004751 0.001369 0.001073 0.000000 0.000008 0.000060
224     0.004779 0.001102 0.001184 0.000000 0.000010 0.000251
225     0.003510 0.001147 0.001047 0.000000 0.000011 0.000056
226     0.005331 0.000980 0.001248 0.000000 0.000009 0.000224
227     0.005668 0.001265 0.001434 0.000000 0.000007 0.000084
228     0.006215 0.000966 0.000939 0.000000 0.000007 0.000160
229     0.006265 0.001147 0.001350 0.000000 0.000014 0.000109
230     0.004291 0.000997 0.000898 0.000000 0.000009 0.000194
231     0.012951 0.002241 0.007869 0.000000 0.000006 0.000074
232     0.029484 0.001237 0.000990 0.000000 0.000007 0.000184
233     0.003404 0.000880 0.000857 0.000000 0.000006 0.000049
234     0.014653 0.011828 0.001249 0.000000 0.000007 0.000200
235     0.003794 0.001443 0.000802 0.000000 0.000005 0.000049
236     0.003316 0.000651 0.000866 0.000000 0.000007 0.000495
237     0.002570 0.000792 0.000808 0.000000 0.000006 0.000053
238     0.003554 0.000553 0.000955 0.000000 0.000006 0.000173
239     0.003002 0.001046 0.000755 0.000000 0.000009 0.000046
240     0.004092 0.000657 0.001068 0.000000 0.000006 0.000172
241     0.004106 0.001537 0.000940 0.000000 0.000006 0.000044
242     0.003764 0.000593 0.001713 0.000000 0.000010 0.000148
243     0.002144 0.000688 0.000698 0.000000 0.000009 0.000039
244     0.003415 0.000588 0.001043 0.000000 0.000007 0.000193
245     0.003544 0.000910 0.000905 0.000000 0.000007 0.000041
246     0.003491 0.001159 0.000846 0.000000 0.000005 0.000175
247     0.013003 0.010788 0.000906 0.000000 0.000007 0.000083
248     0.034800 0.026265 0.006608 0.000000 0.000007 0.000216
249     0.026255 0.021762 0.000985 0.000000 0.000008 0.000177
250     0.021294 0.018227 0.001356 0.000000 0.000014 0.000217
251     0.020942 0.018634 0.000761 0.000000 0.000008 0.000078
252     0.023834 0.019356 0.001522 0.000000 0.000010 0.000243
253     0.022539 0.019555 0.000935 0.000000 0.000009 0.000085
254     0.022768 0.019541 0.001236 0.000000 0.000009 0.000251
255     0.021106 0.018737 0.001073 0.000000 0.000008 0.000087
256     0.020991 0.018246 0.000825 0.000000 0.000006 0.000178
257     0.017692 0.015598 0.000695 0.000000 0.000007 0.000085
258     0.017751 0.014729 0.001002 0.000000 0.000006 0.000193
259     0.020497 0.017383 0.000944 0.000000 0.000010 0.000597
260     0.028279 0.024798 0.001019 0.000000 0.000006 0.000197
261     0.017654 0.015816 0.000848 0.000000 0.000006 0.000075
262     0.019820 0.016859 0.001183 0.000000 0.000008 0.000257
263     0.022904 0.019923 0.000823 0.000000 0.000007 0.000076
264     0.025380 0.021842 0.001188 0.000000 0.000008 0.000257
265     0.023261 0.020226 0.000744 0.000000 0.000006 0.000089
266     0.018523 0.015884 0.000856 0.000000 0.000006 0.000205
267     0.017718 0.015914 0.000875 0.000000 0.000006 0.000080
268     0.017276 0.014638 0.000837 0.000000 0.000007 0.000207
269     0.018040 0.015801 0.000718 0.000000 0.000006 0.000073
270     0.017559 0.014929 0.000876 0.000000 0.000008 0.000315
271     0.018385 0.015904 0.000700 0.000000 0.000008 0.000074
272     0.020770 0.017282 0.001232 0.000000 0.000010 0.000283
273     0.029555 0.026332 0.001107 0.000000 0.000008 0.000092
274     0.022164 0.018913 0.001115 0.000000 0.000008 0.000241
275     0.020796 0.017545 0.001231 0.000000 0.000008 0.000122
276     0.024435 0.020616 0.001472 0.000000 0.000009 0.000272
277     0.023847 0.020748 0.000890 0.000000 0.000011 0.000104
278     0.049396 0.033560 0.013510 0.000000 0.000007 0.000206
279     0.028144 0.018229 0.000871 0.000000 0.000006 0.000071
280     0.020507 0.015153 0.003074 0.000000 0.000006 0.000174
281     0.016761 0.014355 0.000780 0.000000 0.000012 0.000090
282     0.023784 0.019940 0.001407 0.000000 0.000014 0.000348
283     0.026940 0.023618 0.000978 0.000000 0.000014 0.000095
284     0.023413 0.020280 0.000851 0.000000 0.000008 0.000177
285     0.024586 0.022011 0.001279 0.000000 0.000008 0.000086
286     0.035615 0.031458 0.001463 0.000000 0.000008 0.000262
287     0.028530 0.023174 0.002473 0.000000 0.000014 0.000113
288     0.031589 0.024739 0.003019 0.000000 0.000010 0.000347
289     0.034343 0.023965 0.001254 0.000000 0.000010 0.000134
290     0.027418 0.022677 0.001485 0.000000 0.000010 0.000301
291     0.024748 0.021579 0.001738 0.000000 0.000013 0.000105
292     0.020100 0.016495 0.000865 0.000000 0.000009 0.000185
293     0.017801 0.014825 0.001194 0.000000 0.000009 0.000096
294     0.023314 0.019911 0.001102 0.000000 0.000007 0.000200
295     0.017668 0.015418 0.000732 0.000000 0.000008 0.000075
296     0.017584 0.015041 0.000891 0.000000 0.000006 0.000197
297     0.017163 0.015167 0.000720 0.000000 0.000008 0.000077
298     0.018497 0.015214 0.001075 0.000000 0.000010 0.000196
299     0.028894 0.026056 0.000753 0.000000 0.000006 0.000077
300     0.020796 0.016401 0.001051 0.000000 0.000009 0.000201
301     0.019504 0.016272 0.000792 0.000000 0.000011 0.000096
302     0.024826 0.021149 0.001589 0.000000 0.000010 0.000278
303     0.018564 0.015380 0.001044 0.000000 0.000010 0.000139
304     0.025889 0.022484 0.001066 0.000000 0.000007 0.000200
305     0.019969 0.017366 0.000968 0.000000 0.000006 0.000080
306     0.018992 0.015689 0.001026 0.000000 0.000015 0.000273
307     0.019532 0.016554 0.001021 0.000000 0.000008 0.000089
308     0.022902 0.019270 0.001345 0.000000 0.000010 0.000305
309     0.039213 0.035899 0.001439 0.000000 0.000007 0.000070
310     0.018161 0.015391 0.001065 0.000000 0.000012 0.000239
311     0.019602 0.016117 0.001815 0.000000 0.000006 0.000074
312     0.030609 0.025034 0.000900 0.000000 0.000106 0.000211
313     0.030980 0.026818 0.001575 0.000000 0.000012 0.000101
314     0.024912 0.021130 0.001713 0.000000 0.000019 0.000300
315     0.022462 0.019854 0.001324 0.000000 0.000015 0.000109
316     0.045673 0.040222 0.001734 0.000000 0.000016 0.000300
317     0.047211 0.043386 0.001200 0.000000 0.000021 0.000080
318     0.027512 0.024151 0.001289 0.000000 0.000007 0.000211
319     0.020895 0.017989 0.000986 0.000000 0.000019 0.000139
320     0.022311 0.018914 0.001107 0.000000 0.000006 0.000210
321     0.022432 0.019806 0.000901 0.000000 0.000005 0.000069
322     0.018390 0.015707 0.000930 0.000000 0.000011 0.000194
323     0.018176 0.015052 0.001177 0.000000 0.000005 0.000076
324     0.020139 0.016383 0.001447 0.000000 0.000010 0.000307
325     0.030825 0.027964 0.000929 0.000000 0.000006 0.000157
326     0.019382 0.016409 0.001002 0.000000 0.000006 0.000199
327     0.018588 0.015890 0.001128 0.000000 0.000006 0.000079
328     0.017787 0.014873 0.001037 0.000000 0.000007 0.000170
329     0.020188 0.017182 0.001062 0.000000 0.000008 0.000089
330     0.022683 0.018780 0.001496 0.000000 0.000011 0.000289
331     0.020044 0.016630 0.000997 0.000000 0.000007 0.000740
332     0.029790 0.024966 0.001428 0.000000 0.000007 0.000193
333     0.022579 0.020249 0.001253 0.000000 0.000010 0.000113
334     0.024671 0.021413 0.001070 0.000000 0.000020 0.000293
335     0.021367 0.018579 0.000851 0.000000 0.000008 0.000102
336     0.023732 0.019842 0.001080 0.000000 0.000011 0.000244
337     0.021029 0.017027 0.001303 0.000000 0.000008 0.000085
338     0.032802 0.027779 0.001970 0.000000 0.000018 0.000457
339     0.036603 0.034222 0.001170 0.000000 0.000013 0.000091
340     0.026119 0.019867 0.001898 0.000000 0.000010 0.000246
341     0.026231 0.022979 0.001281 0.000000 0.000009 0.000101
342     0.028159 0.023836 0.001279 0.000000 0.000012 0.000255
343     0.017749 0.014786 0.001122 0.000000 0.000013 0.000071
344     0.018846 0.014664 0.001070 0.000000 0.000007 0.000213
345     0.020907 0.017844 0.001270 0.000000 0.000012 0.000155
346     0.023729 0.019512 0.001058 0.000000 0.000008 0.000263
347     0.018595 0.015849 0.000982 0.000000 0.000008 0.000086
348     0.029366 0.016741 0.010380 0.000000 0.000007 0.000198
349     0.093761 0.059170 0.001810 0.000000 0.000017 0.000134
350     0.022726 0.019281 0.001512 0.000000 0.000007 0.000182
351     0.033052 0.028548 0.001225 0.000000 0.000006 0.000078
352     0.021685 0.017745 0.002013 0.000000 0.000016 0.000455
353     0.028019 0.023827 0.001266 0.000000 0.000011 0.000104
354     0.025227 0.021584 0.001310 0.000000 0.000010 0.000288
355     0.025001 0.021510 0.001261 0.000000 0.000008 0.000087
356     0.027236 0.023879 0.001184 0.000000 0.000006 0.000223
357     0.019298 0.017219 0.000947 0.000000 0.000008 0.000087
358     0.021690 0.017785 0.001403 0.000000 0.000013 0.000288
359     0.022151 0.018352 0.001086 0.000000 0.000008 0.000077
360     0.032346 0.028062 0.001649 0.000000 0.000010 0.000264
361     0.024230 0.018442 0.003121 0.000000 0.000006 0.000092
362     0.020571 0.017082 0.001111 0.000000 0.000011 0.000240
363     0.021781 0.018794 0.001320 0.000000 0.000014 0.000110
364     0.032866 0.028417 0.001794 0.000000 0.000006 0.000255
365     0.021520 0.018083 0.001038 0.000000 0.000007 0.000078
366     0.022747 0.018548 0.001791 0.000000 0.000015 0.000336
367     0.028019 0.023315 0.002115 0.000000 0.000018 0.000126
368     0.027653 0.023347 0.001229 0.000000 0.000009 0.000263
369     0.018365 0.016110 0.000785 0.000000 0.000006 0.000072
370     0.024319 0.020238 0.001567 0.000000 0.000009 0.000275
371     0.022507 0.018861 0.001772 0.000000 0.000008 0.000083
372     0.019872 0.016140 0.001206 0.000000 0.000007 0.000191
373     0.018728 0.015613 0.000869 0.000000 0.000007 0.000079
374     0.019770 0.016357 0.001109 0.000000 0.000006 0.000202
375     0.017147 0.014911 0.000952 0.000000 0.000008 0.000082
376     0.019688 0.016223 0.001219 0.000000 0.000006 0.000215
377     0.033527 0.029695 0.001500 0.000000 0.000008 0.000135
378     0.023043 0.019575 0.001195 0.000000 0.000008 0.000300
379     0.026149 0.022505 0.001535 0.000000 0.000011 0.000082
380     0.028936 0.024347 0.001435 0.000000 0.000012 0.000340
381     0.022930 0.020507 0.000889 0.000000 0.000008 0.000091
382     0.019649 0.016143 0.001456 0.000000 0.000010 0.000249
383     0.017715 0.015184 0.000748 0.000000 0.000008 0.000075
384     0.019374 0.016230 0.000907 0.000000 0.000006 0.000194
385     0.021314 0.018424 0.000995 0.000000 0.000007 0.000074
386     0.020945 0.017816 0.000913 0.000000 0.000010 0.000313
387     0.019804 0.018830 0.000001 0.000000 0.000001 0.000000
388     0.026091 0.019086 0.001126 0.000000 0.000006 0.000192
389     0.026211 0.022769 0.001645 0.000000 0.000015 0.000123
390     0.031160 0.026810 0.001277 0.000000 0.000008 0.000246
391     0.024871 0.021704 0.001063 0.000000 0.000008 0.000097
392     0.024569 0.020944 0.001283 0.000000 0.000009 0.000225
393     0.016678 0.014918 0.000764 0.000000 0.000008 0.000068
394     0.018121 0.015350 0.000823 0.000000 0.000012 0.000182
395     0.017125 0.014860 0.000801 0.000000 0.000009 0.000081
396     0.018043 0.014525 0.000982 0.000000 0.000009 0.000200
397     0.017533 0.015167 0.000664 0.000000 0.000005 0.000083
398     0.017459 0.014808 0.000890 0.000000 0.000009 0.000249
399     0.016754 0.014572 0.000801 0.000000 0.000006 0.000103
400     0.025202 0.020372 0.001868 0.000000 0.000015 0.000386
401     0.033727 0.030041 0.000971 0.000000 0.000007 0.000087
402     0.021703 0.017535 0.001141 0.000000 0.000009 0.000294
403     0.031938 0.028191 0.001128 0.000000 0.000010 0.000105
404     0.026103 0.022347 0.001005 0.000000 0.000008 0.000212
405     0.019639 0.017245 0.000893 0.000000 0.000009 0.000084
406     0.020811 0.017497 0.000965 0.000000 0.000007 0.000247
407     0.022413 0.019279 0.000994 0.000000 0.000007 0.000081
408     0.022857 0.018511 0.001541 0.000000 0.000007 0.000212
409     0.026985 0.023825 0.000910 0.000000 0.000007 0.000095
410     0.022986 0.019595 0.001266 0.000000 0.000007 0.000210
411     0.017255 0.015169 0.001084 0.000000 0.000006 0.000076
412     0.017811 0.015120 0.000949 0.000000 0.000007 0.000216
413     0.018145 0.015565 0.000941 0.000000 0.000007 0.000081
414     0.019171 0.016347 0.001079 0.000000 0.000010 0.000198
415     0.018042 0.015908 0.000731 0.000000 0.000009 0.000078
416     0.033988 0.030786 0.000985 0.000000 0.000011 0.000200
417     0.018216 0.015829 0.001029 0.000000 0.000007 0.000081
418     0.018215 0.015479 0.000944 0.000000 0.000006 0.000215
419     0.018326 0.015769 0.000789 0.000000 0.000007 0.000092
420     0.018710 0.015445 0.000918 0.000000 0.000009 0.000322
421     0.020390 0.017151 0.001109 0.000000 0.000009 0.000102
422     0.023645 0.020549 0.000997 0.000000 0.000009 0.000177
423     0.018022 0.015757 0.000818 0.000000 0.000007 0.000078
424     0.019209 0.015954 0.000970 0.000000 0.000007 0.000213
425     0.018492 0.015713 0.000868 0.000000 0.000008 0.000090
426     0.018723 0.015804 0.000906 0.000000 0.000007 0.000209
427     0.018730 0.015845 0.001092 0.000000 0.000008 0.000087
428     0.025545 0.022263 0.001197 0.000000 0.000010 0.000620
429     0.031967 0.029574 0.000941 0.000000 0.000010 0.000159
430     0.018432 0.015570 0.001112 0.000000 0.000010 0.000223
431     0.018825 0.015759 0.000899 0.000000 0.000006 0.000213
432     0.024656 0.020616 0.001051 0.000000 0.000006 0.000174
433     0.024441 0.021229 0.001223 0.000000 0.000012 0.000113
434     0.020109 0.017078 0.000988 0.000000 0.000006 0.000212
435     0.019013 0.016797 0.001190 0.000000 0.000007 0.000080
436     0.019133 0.016198 0.001183 0.000000 0.000008 0.000211
437     0.019164 0.016163 0.001028 0.000000 0.000007 0.000083
438     0.018837 0.015523 0.001494 0.000000 0.000021 0.000220
439     0.018355 0.015765 0.000892 0.000000 0.000006 0.000111
440     0.019933 0.016498 0.001180 0.000000 0.000010 0.000251
441     0.020604 0.017939 0.001007 0.000000 0.000012 0.000646
442     0.036636 0.032003 0.001428 0.000000 0.000015 0.000370
443     0.025813 0.020180 0.003840 0.000000 0.000007 0.000085
444     0.019496 0.014474 0.000907 0.000000 0.000007 0.000264
445     0.018012 0.015301 0.000890 0.000000 0.000006 0.000090
446     0.021550 0.018555 0.000962 0.000000 0.000006 0.000320
447     0.024179 0.021984 0.000780 0.000000 0.000009 0.000230
448     0.022451 0.018921 0.001255 0.000000 0.000006 0.000207
449     0.020900 0.018112 0.000817 0.000000 0.000006 0.000084
450     0.018894 0.015863 0.001079 0.000000 0.000007 0.000205
451     0.024147 0.021859 0.000805 0.000000 0.000009 0.000106
452     0.022408 0.019311 0.001314 0.000000 0.000011 0.000310
453     0.022376 0.019954 0.001055 0.000000 0.000009 0.000102
454     0.019651 0.015921 0.001034 0.000000 0.000007 0.000199
455     0.031816 0.028173 0.001952 0.000000 0.000005 0.000081
456     0.018635 0.015582 0.001013 0.000000 0.000006 0.000184
457     0.023066 0.019884 0.001385 0.000000 0.000009 0.000095
458     0.022519 0.019936 0.000935 0.000000 0.000007 0.000245
459     0.018996 0.016929 0.000901 0.000000 0.000006 0.000079
460     0.020857 0.017768 0.001051 0.000000 0.000007 0.000204
461     0.019387 0.016348 0.001215 0.000000 0.000006 0.000080
462     0.018716 0.015775 0.001159 0.000000 0.000006 0.000196
463     0.023331 0.020028 0.001221 0.000000 0.000009 0.000096
464     0.023940 0.020021 0.001543 0.000000 0.000011 0.000269
465     0.023640 0.021338 0.001104 0.000000 0.000011 0.000094
466     0.022964 0.019487 0.001031 0.000000 0.000006 0.000187
467     0.018364 0.016113 0.000909 0.000000 0.000007 0.000075
468     0.029736 0.026279 0.001254 0.000000 0.000007 0.000207
469     0.017968 0.015467 0.000833 0.000000 0.000006 0.000078
470     0.020040 0.017488 0.000879 0.000000 0.000006 0.000211
471     0.017774 0.015750 0.000960 0.000000 0.000009 0.000089
472     0.018669 0.016021 0.000908 0.000000 0.000007 0.000193
473     0.021347 0.018694 0.001088 0.000000 0.000009 0.000121
474     0.026349 0.021490 0.001861 0.000000 0.000009 0.000266
475     0.025316 0.022217 0.001135 0.000000 0.000009 0.000089
476     0.021073 0.017823 0.000926 0.000000 0.000005 0.000207
477     0.017889 0.015053 0.001433 0.000000 0.000008 0.000078
478     0.018393 0.015667 0.000945 0.000000 0.000006 0.000198
479     0.018010 0.015244 0.000915 0.000000 0.000008 0.000083
480     0.018640 0.015400 0.000939 0.000000 0.000009 0.000220
481     0.028417 0.025756 0.000975 0.000000 0.000006 0.000069
482     0.017420 0.014839 0.000856 0.000000 0.000006 0.000186
483     0.017692 0.015340 0.000963 0.000000 0.000010 0.000113
484     0.023006 0.019535 0.001156 0.000000 0.000009 0.000269
485     0.025543 0.022398 0.001131 0.000000 0.000009 0.000109
486     0.022611 0.019609 0.000984 0.000000 0.000008 0.000209
487     0.021236 0.018314 0.001175 0.000000 0.000006 0.000073
488     0.021187 0.018017 0.000837 0.000000 0.000006 0.000178
489     0.024745 0.022262 0.001025 0.000000 0.000008 0.000137
490     0.028194 0.024753 0.001361 0.000000 0.000012 0.000319
491     0.024950 0.021814 0.001077 0.000000 0.000011 0.000102
492     0.023341 0.019600 0.000984 0.000000 0.000011 0.000238
493     0.020674 0.017755 0.000894 0.000000 0.000006 0.000076
494     0.038900 0.035671 0.001259 0.000000 0.000009 0.000252
495     0.045358 0.042748 0.000902 0.000000 0.000006 0.000096
496     0.016417 0.014005 0.000831 0.000000 0.000006 0.000179
497     0.017240 0.014321 0.000681 0.000000 0.000007 0.000077
498     0.018253 0.015439 0.000855 0.000000 0.000006 0.000223
499     0.021130 0.018895 0.000728 0.000000 0.000011 0.000071
500     0.018896 0.014780 0.001353 0.000000 0.000006 0.000216
501     0.016447 0.014606 0.000753 0.000000 0.000007 0.000069
502     0.018099 0.015444 0.000870 0.000000 0.000006 0.000202
503     0.024523 0.020599 0.001003 0.000000 0.000007 0.000092
504     0.021403 0.017483 0.001180 0.000000 0.000010 0.000267
505     0.025788 0.021596 0.001290 0.000000 0.000009 0.000117
506     0.029031 0.022457 0.002988 0.000000 0.000012 0.000304
507     0.036179 0.033466 0.001234 0.000000 0.000008 0.000105
508     0.020301 0.016534 0.001507 0.000000 0.000012 0.000319
509     0.019737 0.016817 0.001080 0.000000 0.000006 0.000110
510     0.020395 0.017003 0.001352 0.000000 0.000009 0.000209
511     0.025753 0.022147 0.001343 0.000000 0.000010 0.000109
512     0.024086 0.020439 0.001177 0.000000 0.000009 0.000284
513     0.034692 0.031704 0.001402 0.000000 0.000014 0.000122
514     0.028820 0.024932 0.001998 0.000000 0.000007 0.000263
515     0.023179 0.017753 0.000990 0.000000 0.000006 0.000062
516     0.018749 0.015458 0.000918 0.000000 0.000008 0.000209
517     0.031133 0.026217 0.000979 0.000000 0.000011 0.000678
518     0.021424 0.017901 0.001136 0.000000 0.000017 0.000284
519     0.019938 0.017518 0.001280 0.000000 0.000010 0.000082
520     0.028842 0.025581 0.001144 0.000000 0.000009 0.000243
521     0.018920 0.015990 0.001117 0.000000 0.000008 0.000080
522     0.018553 0.015737 0.000965 0.000000 0.000006 0.000198
523     0.016788 0.014218 0.000753 0.000000 0.000008 0.000084
524     0.018412 0.015861 0.000969 0.000000 0.000007 0.000199
525     0.017182 0.015560 0.000689 0.000000 0.000007 0.000074
526     0.020025 0.016853 0.001234 0.000000 0.000009 0.000256
527     0.027153 0.024692 0.000967 0.000000 0.000008 0.000090
528     0.026611 0.022728 0.001413 0.000000 0.000009 0.000241
529     0.023253 0.019513 0.001343 0.000000 0.000009 0.000111
530     0.022428 0.019538 0.001084 0.000000 0.000008 0.000212
531     0.021899 0.019569 0.000890 0.000000 0.000010 0.000099
532     0.020600 0.017521 0.001003 0.000000 0.000006 0.000212
533     0.029807 0.024622 0.003350 0.000000 0.000009 0.000092
534     0.021158 0.017504 0.001553 0.000000 0.000012 0.000354
535     0.022304 0.018944 0.001382 0.000000 0.000006 0.000071
536     0.030763 0.020666 0.001523 0.000000 0.000006 0.000234
537     0.021741 0.019016 0.001171 0.000000 0.000006 0.000096
538     0.020301 0.016940 0.001013 0.000000 0.000006 0.000274
539     0.026925 0.022636 0.002214 0.000000 0.000011 0.000135
540     0.026468 0.021533 0.001244 0.000000 0.000012 0.000243
541     0.017466 0.014952 0.000971 0.000000 0.000009 0.000100
542     0.018372 0.015932 0.000955 0.000000 0.000007 0.000201
543     0.073966 0.020631 0.051848 0.000000 0.000006 0.000105
544     0.023766 0.015131 0.001320 0.000000 0.000012 0.000255
545     0.021435 0.017947 0.001661 0.000000 0.000011 0.000127
546     0.045346 0.037161 0.001531 0.000000 0.000012 0.000356
547     0.024656 0.021690 0.000960 0.000000 0.000006 0.000091
548     0.021427 0.018123 0.001317 0.000000 0.000007 0.000195
549     0.022047 0.019260 0.001486 0.000000 0.000007 0.000105
550     0.023668 0.019404 0.002365 0.000000 0.000010 0.000293
551     0.033483 0.030218 0.001196 0.000000 0.000008 0.000093
552     0.036978 0.025990 0.001079 0.000000 0.000007 0.000203
553     0.023626 0.020341 0.001172 0.000000 0.000010 0.000104
554     0.018307 0.014833 0.000987 0.000000 0.000006 0.000311
555     0.018327 0.015935 0.000845 0.000000 0.000007 0.000110
556     0.019566 0.016823 0.001008 0.000000 0.000007 0.000202
557     0.017787 0.015168 0.000992 0.000000 0.000006 0.000077
558     0.021264 0.017853 0.001055 0.000000 0.000011 0.000231
559     0.034864 0.031747 0.001036 0.000000 0.000006 0.000089
560     0.033629 0.024982 0.005828 0.000000 0.000016 0.000526
561     0.018992 0.016443 0.000982 0.000000 0.000009 0.000095
562     0.020724 0.016435 0.002378 0.000000 0.000006 0.000208
563     0.022517 0.018935 0.000854 0.000000 0.000011 0.000067
564     0.019950 0.016257 0.000919 0.000000 0.000005 0.000173
565     0.018040 0.014784 0.000970 0.000000 0.000006 0.000087
566     0.018421 0.014355 0.002015 0.000000 0.000007 0.000200
567     0.016498 0.014247 0.001007 0.000000 0.000007 0.000082
568     0.017653 0.014446 0.001103 0.000000 0.000007 0.000184
569     0.018738 0.015501 0.000986 0.000000 0.000007 0.000074
570     0.017984 0.014030 0.001418 0.000000 0.000006 0.000257
571     0.018329 0.015155 0.000978 0.000000 0.000007 0.000081
572     0.027572 0.024084 0.000983 0.000000 0.000012 0.000304
573     0.017682 0.014690 0.001364 0.000000 0.000010 0.000074
574     0.017375 0.014307 0.000907 0.000000 0.000006 0.000243
575     0.029769 0.025127 0.001031 0.000000 0.000011 0.000106
576     0.027898 0.022853 0.001162 0.000000 0.000016 0.000285
577     0.023654 0.020557 0.000969 0.000000 0.000008 0.000087
578     0.022956 0.019987 0.001185 0.000000 0.000008 0.000216
579     0.018847 0.016923 0.000720 0.000000 0.000006 0.000080
580     0.020843 0.018200 0.000862 0.000000 0.000008 0.000261
581     0.022990 0.020134 0.001002 0.000000 0.000009 0.000119
582     0.022172 0.018888 0.000986 0.000000 0.000007 0.000202
583     0.019526 0.016912 0.000741 0.000000 0.000006 0.000079
584     0.018609 0.015337 0.001246 0.000000 0.000012 0.000313
585     0.029904 0.027685 0.000927 0.000000 0.000006 0.000134
586     0.019296 0.015818 0.001331 0.000000 0.000011 0.000278
587     0.025941 0.021330 0.002443 0.000000 0.000012 0.000095
588     0.023135 0.018719 0.000935 0.000000 0.000007 0.000212
589     0.021106 0.017867 0.000888 0.000000 0.000008 0.000134
590     0.020909 0.017470 0.000995 0.000000 0.000007 0.000225
591     0.019600 0.017122 0.000812 0.000000 0.000008 0.000093
592     0.020595 0.017130 0.001166 0.000000 0.000016 0.000226
593     0.018789 0.016258 0.001009 0.000000 0.000009 0.000109
594     0.026498 0.022072 0.001907 0.000000 0.000009 0.000276
595     0.019873 0.016839 0.000830 0.000000 0.000006 0.000081
596     0.019324 0.016172 0.001118 0.000000 0.000008 0.000211
597     0.025689 0.022435 0.002020 0.000000 0.000020 0.000149
598     0.042055 0.037061 0.001402 0.000000 0.000012 0.000292
599     0.022000 0.018800 0.001130 0.000000 0.000007 0.000090
600     0.020257 0.015786 0.002115 0.000000 0.000006 0.000274
601     0.022768 0.019891 0.000967 0.000000 0.000006 0.000082
602     0.022621 0.018693 0.001451 0.000000 0.000020 0.000264
603     0.020581 0.018335 0.000910 0.000000 0.000006 0.000085
604     0.023367 0.019679 0.001240 0.000000 0.000006 0.000177
605     0.018576 0.015781 0.000834 0.000000 0.000034 0.000097
606     0.018974 0.015796 0.001080 0.000000 0.000012 0.000269
607     0.018896 0.016398 0.000857 0.000000 0.000006 0.000102
608     0.019987 0.016738 0.000966 0.000000 0.000007 0.000209
609     0.018339 0.015902 0.000840 0.000000 0.000006 0.000076
610     0.016837 0.013873 0.000805 0.000000 0.000006 0.000158
611     0.035567 0.032112 0.001775 0.000000 0.000010 0.000116
612     0.026965 0.021220 0.001035 0.000000 0.000008 0.000204
613     0.015891 0.014394 0.000001 0.000000 0.000000 0.000000
614     0.027983 0.021002 0.001470 0.000000 0.000008 0.000271
615     0.017965 0.015853 0.000872 0.000000 0.000006 0.000077
616     0.018928 0.016224 0.001127 0.000000 0.000006 0.000215
617     0.018790 0.016318 0.000895 0.000000 0.000009 0.000100
618     0.021867 0.018323 0.001311 0.000000 0.000011 0.000286
619     0.021626 0.018046 0.001008 0.000000 0.000010 0.000103
620     0.024824 0.020455 0.001522 0.000000 0.000069 0.000684
621     0.018765 0.016518 0.000874 0.000000 0.000008 0.000110
622     0.021103 0.017724 0.000950 0.000000 0.000006 0.000452
623     0.022715 0.020008 0.000901 0.000000 0.000007 0.000095
624     0.040113 0.033940 0.001246 0.000000 0.000007 0.000295
625     0.026297 0.022335 0.001674 0.000000 0.000011 0.000105
626     0.022200 0.019015 0.000921 0.000000 0.000007 0.000185
627     0.019557 0.017429 0.000938 0.000000 0.000007 0.000084
628     0.018914 0.015976 0.000952 0.000000 0.000007 0.000211
629     0.019984 0.017508 0.000804 0.000000 0.000007 0.000071
630     0.027112 0.024093 0.000977 0.000000 0.000009 0.000198
631     0.021834 0.018663 0.000821 0.000000 0.000007 0.000075
632     0.020380 0.016854 0.001124 0.000000 0.000008 0.000223
633     0.020443 0.017799 0.000849 0.000000 0.000008 0.000093
634     0.020992 0.017184 0.000900 0.000000 0.000010 0.000191
635     0.019526 0.016608 0.000781 0.000000 0.000008 0.000072
636     0.019057 0.015024 0.000888 0.000000 0.000007 0.000188
637     0.030131 0.027092 0.001167 0.000000 0.000007 0.000104
638     0.020106 0.016969 0.001044 0.000000 0.000006 0.000180
639     0.019743 0.017696 0.000898 0.000000 0.000007 0.000083
640     0.025575 0.021932 0.001690 0.000000 0.000008 0.000227
641     0.022922 0.018333 0.002661 0.000000 0.000011 0.000087
642     0.065773 0.061638 0.001598 0.000000 0.000016 0.000277
643     0.019068 0.016174 0.000888 0.000000 0.000006 0.000073
644     0.026566 0.022157 0.001795 0.000000 0.000009 0.000239
645     0.026348 0.023873 0.001227 0.000000 0.000012 0.000096
646     0.027194 0.021419 0.003517 0.000000 0.000010 0.000235
647     0.035672 0.032641 0.000817 0.000000 0.000007 0.000088
648     0.019985 0.015720 0.001906 0.000000 0.000006 0.000212
649     0.018364 0.015892 0.000911 0.000000 0.000007 0.000086
650     0.029899 0.026205 0.001520 0.000000 0.000009 0.000269
651     0.020431 0.017808 0.001454 0.000000 0.000011 0.000096
652     0.039345 0.033289 0.002267 0.000000 0.000019 0.000411
653     0.032607 0.027542 0.001195 0.000000 0.000011 0.000101
654     0.024498 0.020022 0.001421 0.000000 0.000014 0.000391
655     0.027322 0.023118 0.001187 0.000000 0.000011 0.000097
656     0.025033 0.021782 0.000804 0.000000 0.000008 0.000197
657     0.017026 0.015150 0.000821 0.000000 0.000007 0.000065
658     0.021264 0.017941 0.001191 0.000000 0.000012 0.000283
659     0.022472 0.019517 0.000803 0.000000 0.000010 0.000082
660     0.021251 0.016827 0.001174 0.000000 0.000009 0.000193
661     0.019571 0.016337 0.000902 0.000000 0.000009 0.000075
662     0.030725 0.026580 0.001165 0.000000 0.000008 0.000196
663     0.030407 0.028218 0.000969 0.000000 0.000008 0.000094
664     0.023551 0.019398 0.001495 0.000000 0.000013 0.000796
665     0.023634 0.021152 0.000786 0.000000 0.000007 0.000083
666     0.021094 0.019189 0.001034 0.000000 0.000006 0.000202
667     0.019238 0.016432 0.000903 0.000000 0.000008 0.000096
668     0.019960 0.016280 0.001109 0.000000 0.000013 0.000226
669     0.019017 0.016303 0.001489 0.000000 0.000006 0.000077
670     0.019286 0.015430 0.001828 0.000000 0.000006 0.000173
671     0.019382 0.016381 0.000918 0.000000 0.000011 0.000079
672     0.021104 0.017141 0.000999 0.000000 0.000008 0.000204
673     0.020250 0.016349 0.001023 0.000000 0.000008 0.000084
674     0.022014 0.016928 0.001229 0.000000 0.000011 0.000287
675     0.019471 0.017339 0.000876 0.000000 0.000007 0.000084
676     0.034392 0.031084 0.001138 0.000000 0.000006 0.000389
677     0.019197 0.016290 0.001299 0.000000 0.000006 0.000085
678     0.018680 0.015068 0.001255 0.000000 0.000007 0.000235
679     0.019459 0.016749 0.000932 0.000000 0.000006 0.000103
680     0.019706 0.016542 0.001108 0.000000 0.000011 0.000375
681     0.018013 0.016026 0.000964 0.000000 0.000007 0.000076
682     0.020088 0.016560 0.001686 0.000000 0.000013 0.000241
683     0.017780 0.015178 0.000889 0.000000 0.000010 0.000087
684     0.021032 0.016561 0.001479 0.000000 0.000015 0.000208
685     0.067897 0.054090 0.011355 0.000000 0.000017 0.000119
686     0.026819 0.023802 0.001106 0.000000 0.000008 0.000230
687     0.018176 0.015715 0.000844 0.000000 0.000008 0.000100
688     0.019980 0.017094 0.000953 0.000000 0.000008 0.000200
689     0.030860 0.027914 0.001068 0.000000 0.000007 0.000094
690     0.023308 0.019751 0.001177 0.000000 0.000007 0.000220
691     0.022556 0.019270 0.000975 0.000000 0.000011 0.000125
692     0.022093 0.018902 0.000912 0.000000 0.000008 0.000209
693     0.020970 0.017363 0.001855 0.000000 0.000014 0.000128
694     0.025775 0.021442 0.001852 0.000000 0.000010 0.000280
695     0.025227 0.022008 0.001213 0.000000 0.000013 0.000107
696     0.022654 0.017534 0.000941 0.000000 0.000011 0.000189
697     0.019615 0.016164 0.001470 0.000000 0.000007 0.000097
698     0.025633 0.020080 0.001615 0.000000 0.000015 0.002325
699     0.024556 0.021998 0.000737 0.000000 0.000007 0.000078
700     0.021046 0.017936 0.001108 0.000000 0.000015 0.000279
701     0.023324 0.020374 0.000944 0.000000 0.000013 0.000113
702     0.031679 0.028726 0.001083 0.000000 0.000006 0.000228
703     0.019328 0.016015 0.000816 0.000000 0.000008 0.000084
704     0.018061 0.015335 0.000811 0.000000 0.000006 0.000199
705     0.020253 0.017874 0.000933 0.000000 0.000009 0.000107
706     0.020016 0.016533 0.000886 0.000000 0.000008 0.000206
707     0.024039 0.020537 0.000771 0.000000 0.000010 0.000082
708     0.021432 0.017585 0.000883 0.000000 0.000007 0.000205
709     0.022514 0.018907 0.001173 0.000000 0.000010 0.000125
710     0.026955 0.022803 0.001337 0.000000 0.000011 0.000758
711     0.019387 0.016851 0.000821 0.000000 0.000006 0.000084
712     0.017512 0.014505 0.001064 0.000000 0.000008 0.000189
713     0.019238 0.014612 0.000957 0.000000 0.000028 0.000082
714     0.020702 0.017585 0.001161 0.000000 0.000010 0.000356
715     0.056722 0.037681 0.001253 0.000000 0.000010 0.000093
716     0.019414 0.015556 0.001190 0.000000 0.000009 0.000238
717     0.030819 0.022942 0.006557 0.000000 0.000008 0.000089
718     0.023415 0.019443 0.001055 0.000000 0.000007 0.000176
719     0.017639 0.014696 0.000847 0.000000 0.000012 0.000088
720     0.018661 0.015213 0.001065 0.000000 0.000008 0.000176
721     0.018002 0.014546 0.001081 0.000000 0.000006 0.000092
722     0.018172 0.015409 0.000955 0.000000 0.000006 0.000195
723     0.017660 0.014774 0.000800 0.000000 0.000006 0.000092
724     0.018187 0.014945 0.001178 0.000000 0.000006 0.000202
725     0.020938 0.017348 0.001187 0.000000 0.000006 0.000081
726     0.023939 0.019552 0.001735 0.000000 0.000016 0.000459
727     0.025469 0.021866 0.000980 0.000000 0.000006 0.000066
728     0.035566 0.031419 0.001601 0.000000 0.000009 0.000281
729     0.024318 0.020722 0.002307 0.000000 0.000009 0.000103
730     0.021925 0.018466 0.001141 0.000000 0.000007 0.000258
731     0.021069 0.017631 0.001174 0.000000 0.000006 0.000088
732     0.021695 0.018239 0.001130 0.000000 0.000006 0.000177
733     0.021380 0.018303 0.001020 0.000000 0.000008 0.000094
734     0.019029 0.015531 0.001090 0.000000 0.000008 0.000268
735     0.022007 0.019397 0.001170 0.000000 0.000009 0.000118
736     0.022823 0.019721 0.001008 0.000000 0.000007 0.000231
737     0.020488 0.017213 0.001046 0.000000 0.000007 0.000088
738     0.018080 0.015328 0.001054 0.000000 0.000008 0.000252
739     0.017850 0.015486 0.000908 0.000000 0.000007 0.000084
740     0.024026 0.020409 0.001232 0.000000 0.000015 0.000427
741     0.030573 0.028256 0.001134 0.000000 0.000007 0.000076
742     0.047843 0.044443 0.001582 0.000000 0.000006 0.000262
743     0.023713 0.019720 0.001249 0.000000 0.000006 0.000129
744     0.020779 0.016754 0.001289 0.000000 0.000009 0.000203
745     0.019026 0.016224 0.000952 0.000000 0.000007 0.000074
746     0.032362 0.027776 0.001415 0.000000 0.000010 0.000265
747     0.024869 0.020636 0.002889 0.000000 0.000016 0.000117
748     0.027785 0.022389 0.001527 0.000000 0.000011 0.000333
749     0.021042 0.017431 0.001546 0.000000 0.000006 0.000068
750     0.021031 0.017497 0.001540 0.000000 0.000012 0.000315
751     0.039860 0.034265 0.001679 0.000000 0.000009 0.000116
752     0.020072 0.016841 0.000937 0.000000 0.000007 0.000529
753     0.017829 0.015725 0.000858 0.000000 0.000007 0.000073
754     0.028692 0.025596 0.001064 0.000000 0.000007 0.000206
755     0.018979 0.016399 0.000697 0.000000 0.000015 0.000076
756     0.023539 0.017739 0.003156 0.000000 0.000055 0.000319
757     0.020622 0.017255 0.000836 0.000000 0.000011 0.000079
758     0.020168 0.017122 0.000887 0.000000 0.000009 0.000196
759     0.019528 0.017798 0.000784 0.000000 0.000007 0.000075
760     0.024261 0.021302 0.001296 0.000000 0.000009 0.000265
761     0.023769 0.020458 0.001024 0.000000 0.000007 0.000076
762     0.017147 0.014389 0.000917 0.000000 0.000006 0.000185
763     0.018597 0.016003 0.000835 0.000000 0.000006 0.000087
764     0.019024 0.015780 0.001475 0.000000 0.000009 0.000264
765     0.015822 0.013862 0.000832 0.000000 0.000130 0.000081
766     0.016810 0.014132 0.001098 0.000000 0.000006 0.000214
767     0.024907 0.022788 0.000705 0.000000 0.000006 0.000074
768     0.017269 0.014369 0.000832 0.000000 0.000009 0.000191
769     0.015916 0.013466 0.000798 0.000000 0.000006 0.000112
770     0.018065 0.014570 0.000831 0.000000 0.000006 0.000216
771     0.017527 0.015608 0.000812 0.000000 0.000008 0.000086
772     0.017565 0.014673 0.000816 0.000000 0.000006 0.000188
773     0.017663 0.015225 0.000861 0.000000 0.000007 0.000081
774     0.017118 0.014335 0.000909 0.000000 0.000006 0.000190
775     0.017491 0.015133 0.000772 0.000000 0.000008 0.000089
776     0.017314 0.014398 0.000942 0.000000 0.000006 0.000196
777     0.019794 0.017874 0.000767 0.000000 0.000006 0.000147
778     0.018661 0.015997 0.000905 0.000000 0.000006 0.000212
779     0.017402 0.014892 0.000934 0.000000 0.000006 0.000086
780     0.027679 0.024169 0.001091 0.000000 0.000006 0.000190
781     0.017257 0.014784 0.000912 0.000000 0.000006 0.000099
782     0.019483 0.016352 0.001280 0.000000 0.000008 0.000199
783     0.018036 0.016161 0.000778 0.000000 0.000009 0.000080
784     0.024677 0.021287 0.001160 0.000000 0.000008 0.000242
785     0.023637 0.020166 0.000989 0.000000 0.000009 0.000083
786     0.022690 0.018912 0.001255 0.000000 0.000009 0.000277
787     0.020797 0.017555 0.001016 0.000000 0.000009 0.000091
788     0.018781 0.015506 0.000854 0.000000 0.000006 0.000173
789     0.025482 0.022465 0.001080 0.000000 0.000011 0.000113
790     0.016901 0.013564 0.001055 0.000000 0.000006 0.000169
791     0.016636 0.013972 0.000726 0.000000 0.000005 0.000064
792     0.017918 0.015034 0.000792 0.000000 0.000008 0.000186
793     0.025146 0.022490 0.000850 0.000000 0.000007 0.000066
794     0.017864 0.015436 0.000883 0.000000 0.000007 0.000196
795     0.017959 0.015674 0.001071 0.000000 0.000011 0.000091
796     0.022013 0.017876 0.001678 0.000000 0.000011 0.000313
797     0.023353 0.017722 0.000883 0.000000 0.000006 0.000069
798     0.021980 0.017994 0.002277 0.000000 0.000008 0.000299
799     0.022179 0.018646 0.001501 0.000000 0.000015 0.000096
800     0.021354 0.017747 0.001335 0.000000 0.000006 0.000190
801     0.018433 0.016034 0.000980 0.000000 0.000010 0.000084
802     0.019052 0.015581 0.000962 0.000000 0.000006 0.000283
803     0.018582 0.015385 0.000859 0.000000 0.000005 0.000085
804     0.019858 0.015809 0.000815 0.000000 0.000005 0.000169
805     0.018297 0.014070 0.000660 0.000000 0.000007 0.000074
806     0.031033 0.025957 0.002566 0.000000 0.000007 0.000258
807     0.045840 0.024400 0.015868 0.000000 0.000007 0.000097
808     0.036170 0.014427 0.000834 0.000000 0.000008 0.000254
809     0.019304 0.016374 0.000814 0.000000 0.000009 0.000071
810     0.019861 0.016333 0.000948 0.000000 0.000006 0.000265
811     0.020081 0.016044 0.001332 0.000000 0.000016 0.000137
812     0.020307 0.017158 0.000965 0.000000 0.000016 0.000384
813     0.017560 0.015809 0.000655 0.000000 0.000017 0.000077
814     0.017259 0.014692 0.000877 0.000000 0.000006 0.000187
815     0.018627 0.015569 0.000745 0.000000 0.000006 0.000076
816     0.019568 0.015558 0.001410 0.000000 0.000005 0.000204
817     0.018848 0.015972 0.000913 0.000000 0.000007 0.000086
818     0.017606 0.015063 0.000883 0.000000 0.000008 0.000193
819     0.036218 0.031004 0.001123 0.000000 0.000006 0.000079
820     0.019920 0.015933 0.001130 0.000000 0.000009 0.000321
821     0.020757 0.017753 0.000775 0.000000 0.000007 0.000066
822     0.017446 0.014907 0.000761 0.000000 0.000005 0.000209
823     0.018688 0.016312 0.000703 0.000000 0.000009 0.000074
824     0.018542 0.015764 0.000946 0.000000 0.000006 0.000167
825     0.016355 0.014367 0.000778 0.000000 0.000006 0.000079
826     0.017174 0.014486 0.000847 0.000000 0.000007 0.000197
827     0.017598 0.014779 0.001021 0.000000 0.000008 0.000119
828     0.018032 0.014790 0.000915 0.000000 0.000006 0.000195
829     0.017630 0.014627 0.000690 0.000000 0.000007 0.000091
830     0.022035 0.015774 0.003987 0.000000 0.000015 0.000440
831     0.029367 0.026844 0.001036 0.000000 0.000010 0.000096
832     0.036729 0.032935 0.001404 0.000000 0.000009 0.000286
833     0.019923 0.017047 0.000751 0.000000 0.000006 0.000073
834     0.018956 0.016054 0.000898 0.000000 0.000006 0.000189
835     0.020517 0.017004 0.000718 0.000000 0.000007 0.000078
836     0.020179 0.015447 0.001007 0.000000 0.000007 0.000198
837     0.023076 0.020489 0.001391 0.000000 0.000009 0.000111
838     0.020391 0.016487 0.001514 0.000000 0.000008 0.000211
839     0.017254 0.014752 0.000833 0.000000 0.000009 0.000092
840     0.019019 0.015461 0.000900 0.000000 0.000008 0.000199
841     0.018441 0.015980 0.000731 0.000000 0.000007 0.000112
842     0.022607 0.018900 0.001235 0.000000 0.000008 0.000252
843     0.022935 0.020509 0.001255 0.000000 0.000010 0.000084
844     0.017211 0.014733 0.000891 0.000000 0.000007 0.000180
845     0.027086 0.024205 0.000992 0.000000 0.000007 0.000083
846     0.017819 0.015355 0.000926 0.000000 0.000008 0.000219
847     0.021178 0.018149 0.001110 0.000000 0.000016 0.000133
848     0.027516 0.016133 0.001048 0.000000 0.000009 0.000275
849     0.017584 0.015369 0.001037 0.000000 0.000015 0.000099
850     0.016629 0.012846 0.001645 0.000000 0.000009 0.000212
851     0.017326 0.013924 0.001675 0.000000 0.000008 0.000073
852     0.019311 0.014228 0.003272 0.000000 0.000005 0.000156
853     0.017337 0.014433 0.001451 0.000000 0.000005 0.000070
854     0.024778 0.021573 0.001589 0.000000 0.000011 0.000306
855     0.054856 0.036799 0.016305 0.000000 0.000013 0.000103
856     0.016701 0.013833 0.001220 0.000000 0.000008 0.000180
857     0.018978 0.013729 0.003469 0.000000 0.000015 0.000078
858     0.026755 0.023954 0.000936 0.000000 0.000006 0.000218
859     0.020923 0.017648 0.001009 0.000000 0.000009 0.000409
860     0.019368 0.016399 0.001238 0.000000 0.000006 0.000274
861     0.022057 0.020019 0.000875 0.000000 0.000009 0.000089
862     0.022202 0.018152 0.001807 0.000000 0.000006 0.000199
863     0.025396 0.021681 0.000817 0.000000 0.000007 0.000090
864     0.025883 0.020899 0.000976 0.000000 0.000007 0.000191
865     0.021248 0.017595 0.001654 0.000000 0.000015 0.000116
866     0.018752 0.014405 0.001279 0.000000 0.000009 0.000259
867     0.019687 0.017283 0.001195 0.000000 0.000010 0.000090
868     0.019515 0.015932 0.001452 0.000000 0.000011 0.000279
869     0.018581 0.014935 0.001911 0.000000 0.000014 0.000091
870     0.017561 0.014246 0.000990 0.000000 0.000011 0.000252
871     0.028048 0.024876 0.000981 0.000000 0.000006 0.000074
872     0.017698 0.014655 0.001017 0.000000 0.000006 0.000204
873     0.018387 0.016000 0.001106 0.000000 0.000006 0.000087
874     0.017628 0.014205 0.001025 0.000000 0.000008 0.000258
875     0.022317 0.018506 0.001388 0.000000 0.000009 0.000152
876     0.023307 0.018705 0.001452 0.000000 0.000008 0.000219
877     0.021894 0.016659 0.000832 0.000000 0.000008 0.001899
878     0.041867 0.033593 0.006265 0.000000 0.000016 0.000273
879     0.020619 0.015976 0.000910 0.000000 0.000011 0.000091
880     0.019323 0.015400 0.000952 0.000000 0.000013 0.000275
881     0.017556 0.014904 0.001076 0.000000 0.000013 0.000089
882     0.018846 0.015869 0.001241 0.000000 0.000007 0.000227
883     0.018191 0.015678 0.000844 0.000000 0.000006 0.000085
884     0.028065 0.024701 0.001065 0.000000 0.000007 0.000204
885     0.019136 0.015242 0.002229 0.000000 0.000006 0.000080
886     0.018409 0.015329 0.001037 0.000000 0.000006 0.000181
887     0.033486 0.029863 0.001009 0.000000 0.000009 0.000103
888     0.022980 0.018325 0.001452 0.000000 0.000009 0.000274
889     0.024876 0.021014 0.001485 0.000000 0.000011 0.000102
890     0.021039 0.017701 0.001091 0.000000 0.000005 0.000442
891     0.017153 0.014240 0.001634 0.000000 0.000008 0.000080
892     0.018541 0.014897 0.001134 0.000000 0.000010 0.000430
893     0.019364 0.015457 0.001776 0.000000 0.000006 0.000095
894     0.018238 0.014750 0.001176 0.000000 0.000009 0.000216
895     0.020197 0.016935 0.001171 0.000000 0.000006 0.000077
896     0.021212 0.015943 0.002640 0.000000 0.000019 0.000464
897     0.066305 0.059433 0.001504 0.000000 0.000012 0.000108
898     0.031772 0.026786 0.001574 0.000000 0.000014 0.000327
899     0.027225 0.023609 0.001243 0.000000 0.000008 0.000079
900     0.027262 0.018734 0.003020 0.000000 0.000006 0.000191
901     0.020643 0.017780 0.000967 0.000000 0.000012 0.000084
902     0.021176 0.015295 0.003702 0.000000 0.000007 0.000211
903     0.017565 0.015293 0.001039 0.000000 0.000006 0.000078
904     0.019153 0.015455 0.001269 0.000000 0.000006 0.000206
905     0.029788 0.021427 0.006145 0.000000 0.000018 0.000163
906     0.037052 0.024464 0.008086 0.000000 0.000017 0.000525
907     0.047967 0.043701 0.000972 0.000000 0.000008 0.000082
908     0.020682 0.017417 0.001054 0.000000 0.000007 0.000203
909     0.031078 0.026793 0.002267 0.000000 0.000011 0.000115
910     0.034713 0.031346 0.001396 0.000000 0.000008 0.000291
911     0.027798 0.024545 0.001219 0.000000 0.000006 0.000074
912     0.020325 0.016871 0.001265 0.000000 0.000005 0.000164
913     0.019056 0.015940 0.001152 0.000000 0.000005 0.000068
914     0.028944 0.025680 0.001462 0.000000 0.000013 0.000340
915     0.042848 0.033180 0.001222 0.000000 0.000011 0.000092
916     0.024383 0.020343 0.001431 0.000000 0.000009 0.000277
917     0.025783 0.022242 0.001583 0.000000 0.000010 0.000105
918     0.021920 0.017769 0.001399 0.000000 0.000010 0.000598
919     0.019443 0.016023 0.001844 0.000000 0.000007 0.000081
920     0.020915 0.016585 0.001969 0.000000 0.000006 0.000202
921     0.017645 0.015272 0.001051 0.000000 0.000015 0.000096
922     0.016997 0.013884 0.001184 0.000000 0.000008 0.000396
923     0.028258 0.025362 0.001345 0.000000 0.000006 0.000082
924     0.023563 0.018870 0.001262 0.000000 0.000010 0.000208
925     0.018263 0.015113 0.001129 0.000000 0.000011 0.000087
926     0.018307 0.014498 0.001246 0.000000 0.000006 0.000195
927     0.018587 0.016337 0.000962 0.000000 0.000018 0.000196
928     0.018473 0.015557 0.001069 0.000000 0.000019 0.000263
929     0.021023 0.016166 0.000952 0.000000 0.000012 0.000080
930     0.018854 0.015505 0.001119 0.000000 0.000006 0.000224
931     0.020852 0.017096 0.000901 0.000000 0.000010 0.000085
932     0.029329 0.024777 0.001530 0.000000 0.000024 0.000527
933     0.023561 0.021382 0.001000 0.000000 0.000010 0.000091
934     0.022399 0.018308 0.001155 0.000000 0.000008 0.000388
935     0.026135 0.020946 0.002322 0.000000 0.000009 0.000088
936     0.070694 0.053466 0.013289 0.000000 0.000006 0.000253
937     0.018091 0.015453 0.000849 0.000000 0.000006 0.000235
938     0.018128 0.015088 0.001021 0.000000 0.000006 0.000189
939     0.017762 0.015708 0.000902 0.000000 0.000006 0.000086
940     0.018796 0.015731 0.000984 0.000000 0.000006 0.000225
941     0.018843 0.015732 0.000985 0.000000 0.000006 0.000089
942     0.019180 0.016198 0.001000 0.000000 0.000007 0.000207
943     0.018492 0.015512 0.001084 0.000000 0.000006 0.000087
944     0.019052 0.016428 0.000991 0.000000 0.000006 0.000203
945     0.024275 0.021494 0.001214 0.000000 0.000011 0.000095
946     0.023299 0.019058 0.001928 0.000000 0.000008 0.000209
947     0.027459 0.023361 0.001307 0.000000 0.000011 0.000104
948     0.025494 0.020865 0.001474 0.000000 0.000010 0.000269
949     0.041178 0.037282 0.001236 0.000000 0.000008 0.000094
950     0.022636 0.018522 0.001412 0.000000 0.000010 0.000233
951     0.019572 0.017379 0.000798 0.000000 0.000006 0.000086
952     0.018492 0.015432 0.000946 0.000000 0.000007 0.000202
953     0.018155 0.015418 0.000811 0.000000 0.000007 0.000086
954     0.018238 0.015377 0.000993 0.000000 0.000007 0.000190
955     0.018152 0.015652 0.000797 0.000000 0.000007 0.000075
956     0.024261 0.020660 0.001071 0.000000 0.000010 0.000269
957     0.022060 0.018530 0.002113 0.000000 0.000010 0.000091
958     0.019640 0.016095 0.001117 0.000000 0.000007 0.001056
959     0.022292 0.019686 0.000816 0.000000 0.000006 0.000089
960     0.019962 0.016458 0.000848 0.000000 0.000008 0.000223
961     0.021310 0.017754 0.000804 0.000000 0.000010 0.000093
962     0.031090 0.027321 0.000870 0.000000 0.000006 0.000195
963     0.019014 0.015981 0.002019 0.000000 0.000006 0.000077
964     0.018678 0.015880 0.000870 0.000000 0.000006 0.000234
965     0.019842 0.016899 0.000842 0.000000 0.000008 0.000096
966     0.019604 0.016375 0.001295 0.000000 0.000009 0.000253
967     0.025932 0.020874 0.003301 0.000000 0.000010 0.000087
968     0.024983 0.020905 0.001504 0.000000 0.000009 0.000248
969     0.024702 0.021937 0.001191 0.000000 0.000009 0.000109
970     0.025871 0.022130 0.001227 0.000000 0.000007 0.000249
971     0.020827 0.017754 0.001340 0.000000 0.000007 0.000106
972     0.033206 0.026897 0.003598 0.000000 0.000007 0.000233
973     0.026209 0.022938 0.001057 0.000000 0.000010 0.000095
974     0.023552 0.020345 0.001332 0.000000 0.000011 0.000267
975     0.031049 0.027653 0.001742 0.000000 0.000006 0.000082
976     0.019399 0.015875 0.001220 0.000000 0.000010 0.000297
977     0.026137 0.022998 0.001123 0.000000 0.000008 0.000089
978     0.023871 0.019613 0.001311 0.000000 0.000008 0.000246
979     0.020370 0.016860 0.000802 0.000000 0.000006 0.000072
980     0.019201 0.016430 0.000912 0.000000 0.000006 0.000164
981     0.018601 0.016361 0.001248 0.000000 0.000006 0.000074
982     0.017750 0.015148 0.000978 0.000000 0.000007 0.000209
983     0.022448 0.019407 0.001291 0.000000 0.000115 0.000118
984     0.028263 0.023602 0.001653 0.000000 0.000013 0.000278
985     0.027680 0.022480 0.001229 0.000000 0.000011 0.000091
986     0.026185 0.023002 0.001258 0.000000 0.000013 0.000240
987     0.048720 0.045813 0.001707 0.000000 0.000013 0.000120
988     0.033688 0.029278 0.001204 0.000000 0.000007 0.000400
989     0.042011 0.038723 0.001258 0.000000 0.000006 0.000078
990     0.018451 0.015070 0.001150 0.000000 0.000007 0.000297
991     0.022593 0.019665 0.000891 0.000000 0.000006 0.000088
992     0.023121 0.019139 0.001095 0.000000 0.000006 0.000187
993     0.025408 0.022918 0.001174 0.000000 0.000009 0.000097
994     0.018431 0.014758 0.001087 0.000000 0.000006 0.000183
995     0.018652 0.015854 0.000903 0.000000 0.000007 0.000080
996     0.026563 0.021439 0.001880 0.000000 0.000010 0.000280
997     0.024046 0.021261 0.000806 0.000000 0.000006 0.000076
998     0.017213 0.014842 0.000868 0.000000 0.000006 0.000168
999     0.016057 0.014350 0.000798 0.000000 0.000006 0.000074
1000     0.016446 0.013780 0.000952 0.000000 0.000006 0.000191
1001     0.026340 0.023836 0.000790 0.000000 0.000006 0.000084
1002     0.017492 0.014926 0.000787 0.000000 0.000008 0.000173
1003     0.016741 0.014199 0.000697 0.000000 0.000006 0.000074
1004     0.018199 0.014589 0.000881 0.000000 0.000006 0.000194
1005     0.017066 0.014905 0.001071 0.000000 0.000008 0.000085
1006     0.018582 0.016022 0.000809 0.000000 0.000008 0.000212
1007     0.018685 0.016078 0.000725 0.000000 0.000006 0.000078
1008     0.021671 0.018134 0.000971 0.000000 0.000006 0.000206
1009     0.024257 0.020964 0.000861 0.000000 0.000009 0.000084
1010     0.018442 0.015896 0.000921 0.000000 0.000007 0.000211
1011     0.021004 0.018921 0.001142 0.000000 0.000009 0.000083
1012     0.018319 0.014929 0.001252 0.000000 0.000009 0.000214
1013     0.019118 0.016357 0.000969 0.000000 0.000007 0.000095
1014     0.027072 0.023556 0.001405 0.000000 0.000007 0.000194
1015     0.022085 0.018296 0.001327 0.000000 0.000006 0.000089
1016     0.019893 0.014883 0.000949 0.000000 0.000006 0.000198
1017     0.017168 0.015046 0.000932 0.000000 0.000006 0.000081
1018     0.018305 0.015540 0.000962 0.000000 0.000006 0.000214
1019     0.021203 0.018367 0.000868 0.000000 0.000008 0.000073
1020     0.031880 0.026567 0.001028 0.000000 0.000006 0.000203
1021     0.018483 0.015403 0.000876 0.000000 0.000005 0.000082
1022     0.020508 0.017037 0.001212 0.000000 0.000008 0.000427
1023     0.024364 0.020960 0.000872 0.000000 0.000005 0.000073
1024     0.020590 0.017266 0.001571 0.000000 0.000010 0.000317
1025     0.019182 0.016650 0.000869 0.000000 0.000005 0.000069
1026     0.020647 0.016934 0.001014 0.000000 0.000011 0.000684
1027     0.047571 0.043889 0.001001 0.000000 0.000008 0.000079
1028     0.020595 0.017137 0.001123 0.000000 0.000008 0.000266
1029     0.020179 0.017625 0.001046 0.000000 0.000007 0.000094
1030     0.020292 0.017183 0.001298 0.000000 0.000007 0.000226
1031     0.020713 0.017670 0.001154 0.000000 0.000009 0.000094
1032     0.082915 0.061505 0.016113 0.000000 0.000007 0.000286
1033     0.026781 0.014906 0.000711 0.000000 0.000006 0.000078
1034     0.019192 0.015731 0.001001 0.000000 0.000006 0.000180
1035     0.023531 0.021118 0.001458 0.000000 0.000015 0.000092
1036     0.031617 0.026308 0.002040 0.000000 0.000019 0.000455
1037     0.025937 0.022517 0.001289 0.000000 0.000015 0.000097
1038     0.026137 0.021776 0.001767 0.000000 0.000009 0.000399
1039     0.025062 0.021476 0.001306 0.000000 0.000027 0.000095
1040     0.037355 0.032472 0.002803 0.000000 0.000015 0.000318
1041     0.020879 0.016380 0.002485 0.000000 0.000010 0.000082
1042     0.026584 0.017912 0.003049 0.000000 0.000009 0.000755
1043     0.027822 0.019638 0.006342 0.000000 0.000011 0.000105
1044     0.018637 0.015270 0.001052 0.000000 0.000013 0.000178
1045     0.017200 0.014549 0.000936 0.000000 0.000006 0.000087
1046     0.016430 0.013744 0.000989 0.000000 0.000006 0.000206
1047     0.015634 0.013484 0.000833 0.000000 0.000007 0.000070
1048     0.017026 0.014161 0.001171 0.000000 0.000017 0.000357
1049     0.026209 0.022556 0.001203 0.000000 0.000010 0.000101
1050     0.024505 0.020373 0.001369 0.000000 0.000012 0.000304
1051     0.021592 0.018351 0.001056 0.000000 0.000010 0.000088
1052     0.024137 0.018646 0.003235 0.000000 0.000021 0.000334
1053     0.033433 0.028925 0.003259 0.000000 0.000006 0.000073
1054     0.059340 0.014343 0.000964 0.000000 0.000007 0.000407
1055     0.019474 0.017037 0.000784 0.000000 0.000007 0.000094
1056     0.018682 0.015532 0.000857 0.000000 0.000008 0.000192
1057     0.019791 0.017191 0.000791 0.000000 0.000006 0.000079
1058     0.019121 0.015453 0.001070 0.000000 0.000006 0.000193
1059     0.018824 0.016582 0.000735 0.000000 0.000007 0.000093
1060     0.019469 0.016111 0.001196 0.000000 0.000007 0.000208
1061     0.020676 0.016924 0.000970 0.000000 0.000009 0.000211
1062     0.021097 0.017916 0.001022 0.000000 0.000007 0.000199
1063     0.022470 0.019881 0.000994 0.000000 0.000012 0.000096
1064     0.021933 0.017894 0.001295 0.000000 0.000009 0.000258
1065     0.024417 0.020656 0.001546 0.000000 0.000009 0.000091
1066     0.039567 0.036626 0.000988 0.000000 0.000006 0.000268
1067     0.017953 0.015064 0.000812 0.000000 0.000007 0.000084
1068     0.019856 0.016023 0.000999 0.000000 0.000008 0.000226
1069     0.019283 0.015725 0.001481 0.000000 0.000014 0.000091
1070     0.029166 0.024436 0.002463 0.000000 0.000012 0.000333
1071     0.024700 0.021870 0.001191 0.000000 0.000013 0.000098
1072     0.025466 0.020732 0.001152 0.000000 0.000010 0.000270
1073     0.018918 0.015887 0.001026 0.000000 0.000007 0.000075
1074     0.018272 0.014320 0.001674 0.000000 0.000016 0.000308
1075     0.017771 0.015045 0.000901 0.000000 0.000010 0.000079
1076     0.075076 0.070463 0.001378 0.000000 0.000006 0.000191
1077     0.016940 0.014838 0.000889 0.000000 0.000006 0.000080
1078     0.018240 0.015365 0.000928 0.000000 0.000008 0.000209
1079     0.027539 0.024418 0.001033 0.000000 0.000008 0.000080
1080     0.018918 0.015690 0.000868 0.000000 0.000007 0.000215
1081     0.017622 0.014853 0.000712 0.000000 0.000006 0.000080
1082     0.019506 0.016784 0.000960 0.000000 0.000007 0.000221
1083     0.017688 0.015496 0.000848 0.000000 0.000009 0.000096
1084     0.018916 0.015621 0.001345 0.000000 0.000009 0.000215
1085     0.017629 0.015112 0.000789 0.000000 0.000008 0.000079
1086     0.018422 0.015528 0.000893 0.000000 0.000007 0.000211
1087     0.020661 0.017970 0.001092 0.000000 0.000013 0.000090
1088     0.022698 0.016687 0.004117 0.000000 0.000011 0.000385
1089     0.019878 0.017586 0.000768 0.000000 0.000007 0.000066
1090     0.023706 0.020490 0.001387 0.000000 0.000008 0.000286
1091     0.019180 0.016162 0.000892 0.000000 0.000006 0.000111
1092     0.028540 0.024960 0.000974 0.000000 0.000006 0.000203
1093     0.018451 0.015385 0.000821 0.000000 0.000007 0.000080
1094     0.018868 0.015724 0.001228 0.000000 0.000011 0.000201
1095     0.017984 0.016082 0.000777 0.000000 0.000006 0.000079
1096     0.018516 0.015474 0.001025 0.000000 0.000006 0.000183
1097     0.019155 0.016467 0.001032 0.000000 0.000015 0.000111
1098     0.047957 0.043672 0.001346 0.000000 0.000011 0.000343
1099     0.036767 0.033860 0.001248 0.000000 0.000011 0.000090
1100     0.025643 0.021794 0.001754 0.000000 0.000014 0.000368
1101     0.023669 0.020460 0.001020 0.000000 0.000010 0.000093
1102     0.021572 0.017626 0.001072 0.000000 0.000008 0.000224
1103     0.021034 0.017258 0.001502 0.000000 0.000009 0.000084
1104     0.023190 0.018407 0.001017 0.000000 0.000007 0.000208
1105     0.027234 0.024077 0.000907 0.000000 0.000007 0.000071
1106     0.017500 0.014355 0.001173 0.000000 0.000009 0.000239
1107     0.031115 0.028129 0.001113 0.000000 0.000009 0.000111
1108     0.017549 0.014585 0.001033 0.000000 0.000007 0.000170
1109     0.018720 0.016033 0.001166 0.000000 0.000007 0.000077
1110     0.022244 0.017319 0.003071 0.000000 0.000007 0.000279
1111     0.021182 0.018543 0.000922 0.000000 0.000009 0.000084
1112     0.019391 0.016329 0.001130 0.000000 0.000030 0.000214
1113     0.022489 0.020388 0.001089 0.000000 0.000011 0.000095
1114     0.020386 0.016866 0.001069 0.000000 0.000007 0.000229
1115     0.018087 0.015214 0.001250 0.000000 0.000006 0.000078
1116     0.020019 0.016579 0.001102 0.000000 0.000007 0.000389
1117     0.022049 0.018454 0.001195 0.000000 0.000009 0.000089
1118     0.031023 0.027346 0.001465 0.000000 0.000008 0.000218
1119     0.018939 0.016258 0.001055 0.000000 0.000007 0.000072
1120     0.018446 0.015135 0.001311 0.000000 0.000009 0.000194
1121     0.017520 0.014497 0.001365 0.000000 0.000013 0.000079
1122     0.020309 0.015798 0.002071 0.000000 0.000007 0.000170
1123     0.018012 0.014839 0.001140 0.000000 0.000007 0.000079
1124     0.018837 0.014786 0.001433 0.000000 0.000012 0.000245
1125     0.018178 0.015630 0.001265 0.000000 0.000008 0.000074
1126     0.019417 0.014930 0.001901 0.000000 0.000012 0.000245
1127     0.018001 0.015421 0.000995 0.000000 0.000007 0.000081
1128     0.020093 0.015804 0.001432 0.000000 0.000007 0.000176
1129     0.018621 0.015249 0.000997 0.000000 0.000006 0.000081
1130     0.018646 0.014762 0.001092 0.000000 0.000009 0.000627
1131     0.026132 0.023805 0.001016 0.000000 0.000007 0.000092
1132     0.020017 0.016431 0.001104 0.000000 0.000008 0.000236
1133     0.020615 0.017203 0.000959 0.000000 0.000014 0.000094
1134     0.019382 0.016778 0.000933 0.000000 0.000008 0.000276
1135     0.017714 0.015383 0.000833 0.000000 0.000007 0.000077
1136     0.021955 0.015297 0.004162 0.000000 0.000010 0.000291
1137     0.021901 0.019208 0.001207 0.000000 0.000008 0.000089
1138     0.021222 0.018312 0.000974 0.000000 0.000011 0.000218
1139     0.018256 0.015440 0.000783 0.000000 0.000008 0.000064
1140     0.021089 0.017243 0.001085 0.000000 0.000010 0.000310
1141     0.021211 0.018038 0.000998 0.000000 0.000008 0.000094
1142     0.021274 0.017721 0.001707 0.000000 0.000008 0.000260
1143     0.021319 0.018451 0.000766 0.000000 0.000006 0.000723
1144     0.030305 0.027327 0.001089 0.000000 0.000008 0.000229
1145     0.022006 0.018809 0.001051 0.000000 0.000009 0.000094
1146     0.023085 0.019380 0.001379 0.000000 0.000010 0.000279
1147     0.027388 0.023888 0.000940 0.000000 0.000009 0.000098
1148     0.023246 0.019843 0.001074 0.000000 0.000009 0.000204
1149     0.019550 0.017719 0.000769 0.000000 0.000008 0.000091
1150     0.021733 0.018439 0.001120 0.000000 0.000008 0.000217
1151     0.020281 0.017527 0.000775 0.000000 0.000007 0.000108
1152     0.020778 0.017153 0.001288 0.000000 0.000011 0.000269
1153     0.023931 0.020501 0.000851 0.000000 0.000008 0.000073
1154     0.018769 0.016448 0.000823 0.000000 0.000007 0.000200
1155     0.017471 0.015820 0.000687 0.000000 0.000007 0.000088
1156     0.018033 0.015406 0.001012 0.000000 0.000005 0.000186
1157     0.037602 0.035259 0.000905 0.000000 0.000007 0.000089
1158     0.029976 0.026395 0.001040 0.000000 0.000016 0.000205
1159     0.018778 0.016377 0.000745 0.000000 0.000007 0.000080
1160     0.019663 0.016780 0.000863 0.000000 0.000007 0.000246
1161     0.020106 0.018014 0.000799 0.000000 0.000010 0.000106
1162     0.023051 0.018699 0.001102 0.000000 0.000013 0.001630
1163     0.025653 0.022820 0.001218 0.000000 0.000010 0.000116
1164     0.023129 0.019395 0.000969 0.000000 0.000005 0.000187
1165     0.020049 0.017253 0.000850 0.000000 0.000008 0.000093
1166     0.018376 0.015317 0.000989 0.000000 0.000005 0.000195
1167     0.021061 0.018602 0.001314 0.000000 0.000017 0.000103
1168     0.028831 0.023280 0.002879 0.000000 0.000011 0.000300
1169     0.024649 0.021326 0.001106 0.000000 0.000008 0.000090
1170     0.035052 0.031619 0.001145 0.000000 0.000011 0.000261
1171     0.023879 0.020445 0.001173 0.000000 0.000008 0.000094
1172     0.020534 0.016944 0.001165 0.000000 0.000010 0.000257
1173     0.023061 0.019187 0.000919 0.000000 0.000010 0.000092
1174     0.023175 0.019724 0.001502 0.000000 0.000009 0.000214
1175     0.018227 0.015645 0.000693 0.000000 0.000006 0.000097
1176     0.018629 0.015239 0.000816 0.000000 0.000009 0.000220
1177     0.024320 0.020590 0.001197 0.000000 0.000009 0.000115
1178     0.022978 0.018089 0.001525 0.000000 0.000007 0.000171
1179     0.017008 0.015231 0.000681 0.000000 0.000006 0.000080
1180     0.028472 0.024275 0.001360 0.000000 0.000011 0.000248
1181     0.020627 0.017468 0.000825 0.000000 0.000007 0.000076
1182     0.018566 0.015989 0.000796 0.000000 0.000007 0.000200
1183     0.028406 0.025667 0.000851 0.000000 0.000007 0.000087
1184     0.018770 0.015667 0.001396 0.000000 0.000007 0.000220
1185     0.019234 0.017045 0.000947 0.000000 0.000009 0.000082
1186     0.019702 0.016460 0.000914 0.000000 0.000007 0.000184
1187     0.024809 0.019930 0.001001 0.000000 0.000008 0.000084
1188     0.024785 0.020799 0.001327 0.000000 0.000008 0.000233
1189     0.035263 0.030633 0.001214 0.000000 0.000010 0.000177
1190     0.019731 0.016771 0.001036 0.000000 0.000007 0.000205
1191     0.019961 0.017431 0.001104 0.000000 0.000009 0.000084
1192     0.025545 0.021456 0.001366 0.000000 0.000011 0.000332
1193     0.021152 0.017540 0.001444 0.000000 0.000007 0.000109
1194     0.021536 0.018028 0.001176 0.000000 0.000009 0.000209
1195     0.021276 0.018158 0.000988 0.000000 0.000008 0.000091
1196     0.040577 0.037280 0.001266 0.000000 0.000007 0.000217
1197     0.019363 0.016612 0.001474 0.000000 0.000009 0.000101
1198     0.023958 0.020453 0.001365 0.000000 0.000012 0.000356
1199     0.025558 0.022798 0.001107 0.000000 0.000013 0.000105
1200     0.027846 0.023358 0.001349 0.000000 0.000007 0.000269
1201     0.018697 0.016263 0.000899 0.000000 0.000007 0.000067
1202     0.019436 0.016197 0.001673 0.000000 0.000006 0.000244
1203     0.021386 0.019323 0.000915 0.000000 0.000007 0.000098
1204     0.021535 0.018930 0.000922 0.000000 0.000009 0.000237
1205     0.022909 0.019138 0.001528 0.000000 0.000007 0.000075
1206     0.021918 0.018771 0.001345 0.000000 0.000010 0.000286
1207     0.029048 0.025378 0.001205 0.000000 0.000008 0.000088
1208     0.026351 0.022268 0.001369 0.000000 0.000010 0.000282
1209     0.038892 0.036265 0.001109 0.000000 0.000010 0.000110
1210     0.023036 0.019447 0.000878 0.000000 0.000006 0.000222
1211     0.018713 0.016161 0.000971 0.000000 0.000008 0.000078
1212     0.018890 0.015951 0.000835 0.000000 0.000006 0.000186
1213     0.020432 0.017951 0.000709 0.000000 0.000007 0.000098
1214     0.020786 0.017925 0.000802 0.000000 0.000006 0.000439
1215     0.017694 0.016055 0.000678 0.000000 0.000007 0.000087
1216     0.018743 0.016240 0.000968 0.000000 0.000009 0.000206
1217     0.024602 0.021069 0.001962 0.000000 0.000012 0.000139
1218     0.031944 0.027234 0.002010 0.000000 0.000011 0.000295
1219     0.027646 0.023728 0.001447 0.000000 0.000010 0.000107
1220     0.027467 0.023314 0.001303 0.000000 0.000016 0.000599
1221     0.027413 0.025014 0.001156 0.000000 0.000008 0.000079
1222     0.042361 0.038868 0.001495 0.000000 0.000007 0.000221
1223     0.023132 0.020027 0.001162 0.000000 0.000011 0.000109
1224     0.024693 0.020942 0.001153 0.000000 0.000008 0.000192
1225     0.021098 0.017133 0.001224 0.000000 0.000007 0.000085
1226     0.020601 0.017326 0.001562 0.000000 0.000007 0.000290
1227     0.018235 0.015828 0.000962 0.000000 0.000008 0.000090
1228     0.018726 0.015607 0.001483 0.000000 0.000007 0.000246
1229     0.018693 0.015771 0.000936 0.000000 0.000017 0.000094
1230     0.019001 0.015283 0.002033 0.000000 0.000008 0.000198
1231     0.039708 0.025948 0.011721 0.000000 0.000008 0.000103
1232     0.026918 0.022197 0.001469 0.000000 0.000011 0.000233
1233     0.027316 0.024827 0.001057 0.000000 0.000006 0.000094
1234     0.025027 0.022041 0.001154 0.000000 0.000009 0.000216
1235     0.032284 0.028119 0.002545 0.000000 0.000006 0.000079
1236     0.044054 0.039210 0.002186 0.000000 0.000010 0.000231
1237     0.018391 0.015591 0.001028 0.000000 0.000006 0.000087
1238     0.019634 0.015896 0.001261 0.000000 0.000007 0.000175
1239     0.020196 0.016501 0.002541 0.000000 0.000008 0.000088
1240     0.029258 0.025421 0.001161 0.000000 0.000018 0.000334
1241     0.025444 0.021452 0.000859 0.000000 0.000007 0.001073
1242     0.026683 0.022691 0.001446 0.000000 0.000010 0.000327
1243     0.020868 0.017364 0.000968 0.000000 0.000007 0.000090
1244     0.023153 0.019870 0.001026 0.000000 0.000006 0.000458
1245     0.018312 0.016036 0.001040 0.000000 0.000006 0.000072
1246     0.017852 0.015475 0.000951 0.000000 0.000006 0.000231
1247     0.017598 0.015372 0.000862 0.000000 0.000006 0.000074
1248     0.031918 0.027620 0.001981 0.000000 0.000011 0.000332
1249     0.026593 0.023092 0.001293 0.000000 0.000009 0.000113
1250     0.025738 0.021471 0.002022 0.000000 0.000011 0.000272
1251     0.020594 0.018271 0.000978 0.000000 0.000006 0.000080
1252     0.020384 0.017131 0.001086 0.000000 0.000007 0.000246
1253     0.019860 0.017068 0.001079 0.000000 0.000006 0.000095
1254     0.020241 0.016863 0.001060 0.000000 0.000008 0.000608
1255     0.020040 0.017208 0.000892 0.000000 0.000010 0.000268
1256     0.018936 0.015879 0.001145 0.000000 0.000005 0.000168
1257     0.018799 0.016610 0.000926 0.000000 0.000005 0.000078
1258     0.020162 0.017055 0.001125 0.000000 0.000009 0.000177
1259     0.020602 0.017822 0.001003 0.000000 0.000007 0.000087
1260     0.022914 0.018850 0.000955 0.000000 0.000008 0.000714
1261     0.032477 0.029336 0.001277 0.000000 0.000011 0.000092
1262     0.022859 0.018305 0.001019 0.000000 0.000007 0.000249
1263     0.018591 0.016600 0.000819 0.000000 0.000007 0.000090
1264     0.020818 0.016439 0.001114 0.000000 0.000006 0.000217
1265     0.019204 0.016485 0.000824 0.000000 0.000007 0.000077
1266     0.021211 0.017568 0.001357 0.000000 0.000005 0.000236
1267     0.020467 0.017280 0.001533 0.000000 0.000006 0.000078
1268     0.021622 0.016981 0.002690 0.000000 0.000007 0.000193
1269     0.020607 0.018371 0.000868 0.000000 0.000006 0.000076
1270     0.025283 0.022057 0.001453 0.000000 0.000010 0.000286
1271     0.026679 0.023445 0.001146 0.000000 0.000010 0.000085
1272     0.024415 0.020230 0.000972 0.000000 0.000008 0.000195
1273     0.022172 0.019720 0.000934 0.000000 0.000007 0.000095
1274     0.035113 0.032169 0.001169 0.000000 0.000008 0.000304
1275     0.022216 0.019769 0.001114 0.000000 0.000009 0.000083
1276     0.020137 0.017310 0.000855 0.000000 0.000006 0.000289
1277     0.019282 0.016964 0.000788 0.000000 0.000006 0.000078
1278     0.022959 0.018811 0.002220 0.000000 0.000006 0.000212
1279     0.020070 0.017225 0.001105 0.000000 0.000007 0.000094
1280     0.027661 0.023802 0.001134 0.000000 0.000009 0.000760
1281     0.025688 0.021854 0.002569 0.000000 0.000008 0.000097
1282     0.021753 0.018983 0.000877 0.000000 0.000007 0.000207
1283     0.020464 0.017186 0.000729 0.000000 0.000007 0.000101
1284     0.019409 0.015975 0.000846 0.000000 0.000007 0.000207
1285     0.017576 0.015105 0.000712 0.000000 0.000007 0.000100
1286     0.021523 0.018203 0.001680 0.000000 0.000010 0.000223
1287     0.027994 0.026025 0.000801 0.000000 0.000006 0.000092
1288     0.019296 0.016143 0.001118 0.000000 0.000009 0.000355
1289     0.020368 0.017647 0.000984 0.000000 0.000007 0.000079
1290     0.020500 0.017723 0.000931 0.000000 0.000007 0.000255
1291     0.019592 0.016982 0.000932 0.000000 0.000005 0.000071
1292     0.019260 0.016063 0.000994 0.000000 0.000019 0.000180
1293     0.017276 0.015670 0.000748 0.000000 0.000006 0.000073
1294     0.019660 0.016440 0.001475 0.000000 0.000008 0.000274
1295     0.020404 0.017214 0.001342 0.000000 0.000007 0.000088
1296     0.019539 0.016227 0.000918 0.000000 0.000006 0.000345
1297     0.018238 0.015828 0.000896 0.000000 0.000006 0.000080
1298     0.019599 0.016192 0.000913 0.000000 0.000006 0.000211
1299     0.018213 0.016324 0.000837 0.000000 0.000008 0.000082
1300     0.028742 0.025492 0.001169 0.000000 0.000007 0.000305
1301     0.023100 0.019458 0.001815 0.000000 0.000017 0.000139
1302     0.040181 0.032247 0.004763 0.000000 0.000013 0.000352
1303     0.024609 0.020982 0.000907 0.000000 0.000008 0.000083
1304     0.020870 0.018103 0.000996 0.000000 0.000008 0.000220
1305     0.019057 0.016900 0.000860 0.000000 0.000008 0.000110
1306     0.019892 0.016977 0.000884 0.000000 0.000007 0.000193
1307     0.019541 0.017173 0.000856 0.000000 0.000007 0.000093
1308     0.019926 0.016548 0.000938 0.000000 0.000010 0.000240
1309     0.021511 0.018052 0.000884 0.000000 0.000006 0.000089
1310     0.026405 0.022223 0.001715 0.000000 0.000008 0.000273
1311     0.026111 0.023510 0.001327 0.000000 0.000011 0.000119
1312     0.020162 0.017502 0.000948 0.000000 0.000006 0.000177
1313     0.030796 0.028101 0.000902 0.000000 0.000007 0.000087
1314     0.020674 0.017441 0.001067 0.000000 0.000008 0.000203
1315     0.019028 0.016574 0.000780 0.000000 0.000006 0.000082
1316     0.021186 0.018103 0.001043 0.000000 0.000011 0.000280
1317     0.019205 0.017205 0.000948 0.000000 0.000010 0.000092
1318     0.019836 0.017175 0.000879 0.000000 0.000007 0.000242
1319     0.018854 0.016519 0.000774 0.000000 0.000006 0.000086
1320     0.019552 0.016160 0.000979 0.000000 0.000006 0.000234
1321     0.022270 0.018665 0.000960 0.000000 0.000010 0.000083
1322     0.024073 0.018184 0.002757 0.000000 0.000011 0.000253
1323     0.020445 0.018199 0.000797 0.000000 0.000006 0.000066
1324     0.030665 0.021844 0.000915 0.000000 0.000009 0.000983
1325     0.025095 0.022042 0.001403 0.000000 0.000009 0.000093
1326     0.029411 0.026598 0.000962 0.000000 0.000011 0.000234
1327     0.019900 0.016397 0.000961 0.000000 0.000006 0.000076
1328     0.018646 0.015529 0.000966 0.000000 0.000006 0.000180
1329     0.018252 0.016225 0.000792 0.000000 0.000013 0.000085
1330     0.019832 0.016933 0.000902 0.000000 0.000006 0.000193
1331     0.028051 0.021964 0.001057 0.000000 0.000012 0.002653
1332     0.025886 0.021076 0.001262 0.000000 0.000011 0.000255
1333     0.019731 0.016363 0.000928 0.000000 0.000006 0.000073
1334     0.021600 0.018247 0.001451 0.000000 0.000008 0.000236
1335     0.019386 0.017215 0.000911 0.000000 0.000006 0.000075
1336     0.022952 0.019845 0.001134 0.000000 0.000008 0.000274
1337     0.021885 0.019252 0.001237 0.000000 0.000008 0.000135
1338     0.023981 0.020973 0.000917 0.000000 0.000007 0.000207
1339     0.027765 0.026453 0.000854 0.000000 0.000008 0.000083
