1     0.024088 0.018024 0.001544 0.000000 0.000007 0.000079
2     0.009096 0.006763 0.000824 0.000000 0.000006 0.000071
3     0.015232 0.011605 0.001840 0.000000 0.000008 0.000262
4     0.015660 0.012682 0.001583 0.000000 0.000008 0.000092
5     0.014858 0.011232 0.001892 0.000000 0.000012 0.000117
6     0.017415 0.013309 0.001469 0.000000 0.000012 0.000095
7     0.016983 0.012319 0.001602 0.000000 0.000010 0.000099
8     0.015238 0.011955 0.001368 0.000000 0.000010 0.000092
9     0.019634 0.016602 0.001658 0.000000 0.000011 0.000116
10     0.015989 0.010905 0.001803 0.000000 0.000011 0.000097
11     0.016844 0.012995 0.001551 0.000000 0.000011 0.000110
12     0.016417 0.011621 0.001698 0.000000 0.000010 0.000097
13     0.017004 0.012746 0.001646 0.000000 0.000010 0.000109
14     0.019210 0.014663 0.002408 0.000000 0.000012 0.000101
15     0.019624 0.014380 0.003615 0.000000 0.000012 0.000134
16     0.019360 0.015652 0.001653 0.000000 0.000010 0.000072
17     0.016837 0.012947 0.001719 0.000000 0.000009 0.000083
18     0.018086 0.013144 0.002388 0.000000 0.000010 0.000293
19     0.015607 0.011553 0.002082 0.000000 0.000009 0.000084
20     0.015946 0.012347 0.001487 0.000000 0.000008 0.000066
21     0.018806 0.016055 0.001431 0.000000 0.000025 0.000139
22     0.020587 0.016225 0.001319 0.000000 0.000015 0.000106
23     0.036702 0.019162 0.014029 0.000000 0.000013 0.000102
24     0.016641 0.011887 0.001335 0.000000 0.000009 0.000080
25     0.013673 0.010441 0.001105 0.000000 0.000006 0.000093
26     0.015878 0.010576 0.003097 0.000000 0.000007 0.000073
27     0.012200 0.009982 0.001148 0.000000 0.000006 0.000083
28     0.015395 0.011632 0.001109 0.000000 0.000006 0.000059
29     0.014455 0.011318 0.001164 0.000000 0.000007 0.000105
30     0.012238 0.009157 0.001045 0.000000 0.000006 0.000066
31     0.016937 0.012428 0.001460 0.000000 0.000010 0.000244
32     0.015380 0.011931 0.001530 0.000000 0.000010 0.000091
33     0.015436 0.012332 0.001634 0.000000 0.000012 0.000106
34     0.014055 0.010734 0.001161 0.000000 0.000009 0.000236
35     0.015355 0.012249 0.001171 0.000000 0.000007 0.000095
36     0.015684 0.011824 0.001242 0.000000 0.000007 0.000104
37     0.019315 0.013742 0.002846 0.000000 0.000007 0.000094
38     0.016178 0.012645 0.001228 0.000000 0.000007 0.000098
39     0.016494 0.012411 0.002529 0.000000 0.000012 0.000122
40     0.014180 0.010675 0.001591 0.000000 0.000011 0.000095
41     0.017222 0.013354 0.001874 0.000000 0.000012 0.000123
42     0.016643 0.012585 0.001830 0.000000 0.000011 0.000102
43     0.017029 0.013371 0.001476 0.000000 0.000011 0.000124
44     0.015586 0.011973 0.001422 0.000000 0.000010 0.000093
45     0.015599 0.012806 0.001311 0.000000 0.000010 0.000102
46     0.014941 0.011586 0.001354 0.000000 0.000009 0.000091
47     0.014346 0.011021 0.001525 0.000000 0.000008 0.000094
48     0.013980 0.010345 0.001346 0.000000 0.000009 0.000085
49     0.019727 0.015200 0.002429 0.000000 0.000019 0.000145
50     0.028461 0.023240 0.001713 0.000000 0.000013 0.000375
51     0.014596 0.011627 0.001381 0.000000 0.000010 0.000298
52     0.014085 0.010767 0.001290 0.000000 0.000012 0.000103
53     0.014555 0.010672 0.001400 0.000000 0.000012 0.000268
54     0.016101 0.012574 0.001360 0.000000 0.000011 0.000107
55     0.015553 0.012070 0.001664 0.000000 0.000010 0.000108
56     0.016165 0.012572 0.001397 0.000000 0.000012 0.000107
57     0.015556 0.012381 0.001681 0.000000 0.000010 0.000099
58     0.016898 0.012380 0.001717 0.000000 0.000011 0.000101
59     0.017550 0.012641 0.002283 0.000000 0.000011 0.000106
60     0.019804 0.014712 0.001556 0.000000 0.000011 0.000098
61     0.016578 0.012335 0.001321 0.000000 0.000006 0.000166
62     0.020033 0.016146 0.001586 0.000000 0.000013 0.000111
63     0.018206 0.015080 0.001561 0.000000 0.000011 0.000107
64     0.016690 0.010679 0.003204 0.000000 0.000014 0.000117
65     0.023992 0.018654 0.001946 0.000000 0.000012 0.000109
66     0.018574 0.013637 0.001995 0.000000 0.000011 0.000113
67     0.018689 0.013760 0.002111 0.000000 0.000011 0.000105
68     0.017407 0.012905 0.001987 0.000000 0.000010 0.000105
69     0.015600 0.012690 0.001334 0.000000 0.000009 0.000094
70     0.019460 0.015061 0.001879 0.000000 0.000008 0.000088
71     0.016199 0.012061 0.001383 0.000000 0.000009 0.000100
72     0.016724 0.012836 0.001422 0.000000 0.000008 0.000095
73     0.025046 0.016123 0.006921 0.000000 0.000007 0.000126
74     0.016615 0.013304 0.001563 0.000000 0.000007 0.000094
75     0.018060 0.015467 0.001151 0.000000 0.000013 0.000119
76     0.019867 0.015386 0.001263 0.000000 0.000007 0.000064
77     0.016726 0.013539 0.001044 0.000000 0.000007 0.000072
78     0.017830 0.014754 0.001069 0.000000 0.000007 0.000098
79     0.014310 0.011062 0.000945 0.000000 0.000007 0.000080
80     0.011872 0.009222 0.000849 0.000000 0.000007 0.000071
81     0.011627 0.009358 0.001184 0.000000 0.000006 0.000079
82     0.016286 0.012715 0.001478 0.000000 0.000012 0.000111
83     0.014114 0.010960 0.001168 0.000000 0.000005 0.000078
84     0.015149 0.010844 0.001345 0.000000 0.000007 0.000099
85     0.013241 0.009796 0.000901 0.000000 0.000007 0.000147
86     0.011081 0.008406 0.000869 0.000000 0.000005 0.000068
87     0.010037 0.008072 0.000832 0.000000 0.000006 0.000074
88     0.011523 0.008553 0.001015 0.000000 0.000006 0.000065
89     0.013067 0.010056 0.001091 0.000000 0.000007 0.000073
90     0.011413 0.008297 0.001317 0.000000 0.000011 0.000095
91     0.014319 0.011063 0.001122 0.000000 0.000008 0.000105
92     0.013811 0.010221 0.001305 0.000000 0.000011 0.000093
93     0.017891 0.015178 0.001338 0.000000 0.000011 0.000109
94     0.013498 0.009709 0.001578 0.000000 0.000011 0.000096
95     0.015840 0.011394 0.002458 0.000000 0.000013 0.000118
96     0.016563 0.012577 0.001456 0.000000 0.000010 0.000095
97     0.017793 0.013989 0.001316 0.000000 0.000010 0.000101
98     0.013077 0.009681 0.001005 0.000000 0.000007 0.000071
99     0.013245 0.010715 0.001128 0.000000 0.000006 0.000079
100     0.015865 0.011864 0.001081 0.000000 0.000006 0.000083
101     0.015120 0.012005 0.000910 0.000000 0.000006 0.000209
102     0.015406 0.011023 0.001496 0.000000 0.000013 0.000108
103     0.014392 0.011440 0.000851 0.000000 0.000007 0.000076
104     0.013095 0.009867 0.001173 0.000000 0.000013 0.000121
105     0.018793 0.014992 0.001633 0.000000 0.000012 0.000110
106     0.012535 0.010125 0.000944 0.000000 0.000006 0.000054
107     0.011031 0.008678 0.000994 0.000000 0.000006 0.000075
108     0.011136 0.007883 0.001187 0.000000 0.000006 0.000069
109     0.012872 0.009896 0.001187 0.000000 0.000006 0.000079
110     0.012086 0.008658 0.001113 0.000000 0.000007 0.000080
111     0.011759 0.008379 0.002114 0.000000 0.000007 0.000079
112     0.011780 0.008404 0.001343 0.000000 0.000007 0.000070
113     0.011167 0.008612 0.001063 0.000000 0.000006 0.000076
114     0.011765 0.008806 0.001118 0.000000 0.000011 0.000086
115     0.011057 0.007879 0.001005 0.000000 0.000006 0.000080
116     0.015090 0.012105 0.001332 0.000000 0.000007 0.000095
117     0.011663 0.009532 0.001100 0.000000 0.000007 0.000083
118     0.012053 0.009621 0.001052 0.000000 0.000006 0.000075
119     0.011920 0.009182 0.001115 0.000000 0.000006 0.000084
120     0.012307 0.009329 0.001043 0.000000 0.000007 0.000080
121     0.012533 0.008940 0.001911 0.000000 0.000006 0.000087
122     0.012682 0.010234 0.001138 0.000000 0.000006 0.000071
123     0.015558 0.012933 0.001580 0.000000 0.000009 0.000108
124     0.014886 0.011540 0.001394 0.000000 0.000007 0.000070
125     0.012625 0.009674 0.001390 0.000000 0.000006 0.000084
126     0.013712 0.011288 0.000957 0.000000 0.000006 0.000072
127     0.012095 0.009447 0.001171 0.000000 0.000007 0.000091
128     0.016189 0.013360 0.000988 0.000000 0.000007 0.000073
129     0.014816 0.012612 0.001132 0.000000 0.000006 0.000082
130     0.013687 0.010236 0.001016 0.000000 0.000009 0.000081
131     0.014950 0.011913 0.001338 0.000000 0.000008 0.000109
132     0.014481 0.011274 0.001145 0.000000 0.000010 0.000082
133     0.016146 0.013438 0.001080 0.000000 0.000007 0.000074
134     0.017273 0.012647 0.001966 0.000000 0.000012 0.000088
135     0.017331 0.014325 0.001699 0.000000 0.000014 0.000111
136     0.020948 0.016182 0.001811 0.000000 0.000019 0.000093
137     0.016204 0.013007 0.000917 0.000000 0.000006 0.000078
138     0.013809 0.009009 0.002523 0.000000 0.000006 0.000065
139     0.011747 0.008629 0.001182 0.000000 0.000009 0.000113
140     0.013121 0.010017 0.001069 0.000000 0.000008 0.000088
141     0.014473 0.012182 0.001141 0.000000 0.000008 0.000091
142     0.015428 0.011836 0.001755 0.000000 0.000008 0.000070
143     0.014709 0.011112 0.001191 0.000000 0.000008 0.000091
144     0.018904 0.015056 0.001389 0.000000 0.000009 0.000073
145     0.016595 0.013837 0.000989 0.000000 0.000006 0.000057
146     0.014370 0.011537 0.001351 0.000000 0.000008 0.000087
147     0.014513 0.012482 0.001038 0.000000 0.000006 0.000050
148     0.012310 0.009835 0.000931 0.000000 0.000006 0.000045
149     0.015539 0.012985 0.000967 0.000000 0.000006 0.000069
150     0.013273 0.010606 0.000982 0.000000 0.000006 0.000132
151     0.015802 0.012053 0.001671 0.000000 0.000009 0.000340
152     0.014871 0.012118 0.001143 0.000000 0.000006 0.000049
153     0.012988 0.011062 0.000966 0.000000 0.000007 0.000077
154     0.016013 0.013067 0.001040 0.000000 0.000006 0.000072
155     0.015587 0.012869 0.001060 0.000000 0.000006 0.000082
156     0.017172 0.012426 0.001043 0.000000 0.000006 0.000070
157     0.013698 0.010222 0.001094 0.000000 0.000006 0.000095
158     0.015773 0.012812 0.001099 0.000000 0.000006 0.000075
159     0.016118 0.013932 0.001080 0.000000 0.000006 0.000079
160     0.014641 0.011586 0.001188 0.000000 0.000007 0.000068
161     0.013999 0.010953 0.001094 0.000000 0.000007 0.000100
162     0.013564 0.010857 0.000891 0.000000 0.000007 0.000061
163     0.014320 0.011228 0.001269 0.000000 0.000009 0.000101
164     0.018326 0.012252 0.003223 0.000000 0.000010 0.000093
165     0.018509 0.015852 0.001300 0.000000 0.000014 0.000095
166     0.018260 0.013119 0.002751 0.000000 0.000010 0.000078
167     0.011078 0.008924 0.000714 0.000000 0.000007 0.000083
168     0.011896 0.008423 0.001403 0.000000 0.000008 0.000072
169     0.014377 0.011530 0.001114 0.000000 0.000007 0.000090
170     0.011402 0.008732 0.000843 0.000000 0.000006 0.000071
171     0.010290 0.008340 0.000803 0.000000 0.000007 0.000092
172     0.011033 0.008169 0.000812 0.000000 0.000007 0.000075
173     0.010610 0.008028 0.000782 0.000000 0.000006 0.000077
174     0.010359 0.008183 0.000745 0.000000 0.000006 0.000060
175     0.011787 0.008919 0.001318 0.000000 0.000012 0.000117
176     0.013463 0.010637 0.000866 0.000000 0.000006 0.000059
177     0.011254 0.008798 0.001355 0.000000 0.000011 0.000110
178     0.014402 0.011930 0.000798 0.000000 0.000006 0.000067
179     0.009872 0.007545 0.000767 0.000000 0.000006 0.000077
180     0.010831 0.008090 0.000842 0.000000 0.000006 0.000068
181     0.011104 0.008554 0.000794 0.000000 0.000006 0.000078
182     0.009963 0.007538 0.000779 0.000000 0.000006 0.000066
183     0.011307 0.009074 0.001154 0.000000 0.000011 0.000099
184     0.012661 0.008685 0.001542 0.000000 0.000009 0.000095
185     0.012961 0.010287 0.000884 0.000000 0.000006 0.000080
186     0.011051 0.008243 0.000797 0.000000 0.000006 0.000066
187     0.010385 0.007784 0.000946 0.000000 0.000006 0.000077
188     0.009962 0.007450 0.000800 0.000000 0.000006 0.000064
189     0.011748 0.009589 0.001127 0.000000 0.000010 0.000092
190     0.013942 0.011263 0.000837 0.000000 0.000006 0.000072
191     0.011117 0.008711 0.000855 0.000000 0.000008 0.000093
192     0.011023 0.008168 0.000809 0.000000 0.000008 0.000067
193     0.014213 0.011330 0.001282 0.000000 0.000012 0.000118
194     0.012579 0.008803 0.001684 0.000000 0.000012 0.000108
195     0.012283 0.009258 0.001664 0.000000 0.000010 0.000103
196     0.016501 0.012810 0.001660 0.000000 0.000011 0.000108
197     0.016762 0.013402 0.001290 0.000000 0.000013 0.000108
198     0.015439 0.011511 0.001954 0.000000 0.000011 0.000097
199     0.013145 0.009606 0.001440 0.000000 0.000013 0.000114
200     0.015562 0.010672 0.002469 0.000000 0.000011 0.000114
201     0.013435 0.010744 0.001263 0.000000 0.000006 0.000214
202     0.012186 0.008956 0.001336 0.000000 0.000006 0.000065
203     0.014189 0.011584 0.001226 0.000000 0.000007 0.000091
204     0.010949 0.008195 0.001002 0.000000 0.000007 0.000061
205     0.011158 0.008068 0.001207 0.000000 0.000006 0.000072
206     0.010480 0.007986 0.000992 0.000000 0.000006 0.000063
207     0.012801 0.010188 0.001612 0.000000 0.000012 0.000124
208     0.014758 0.010980 0.001134 0.000000 0.000006 0.000066
209     0.011850 0.008370 0.001237 0.000000 0.000006 0.000079
210     0.015422 0.011889 0.001211 0.000000 0.000006 0.000063
211     0.012321 0.008319 0.001270 0.000000 0.000009 0.000080
212     0.015881 0.012030 0.001543 0.000000 0.000006 0.000179
213     0.015118 0.012404 0.001325 0.000000 0.000006 0.000085
214     0.015375 0.011572 0.001208 0.000000 0.000006 0.000071
215     0.016980 0.012265 0.001544 0.000000 0.000008 0.000094
216     0.016077 0.011335 0.001303 0.000000 0.000010 0.000073
217     0.012910 0.009313 0.001053 0.000000 0.000007 0.000084
218     0.015814 0.011359 0.001281 0.000000 0.000006 0.000069
219     0.010938 0.008261 0.001389 0.000000 0.000006 0.000080
220     0.011041 0.007800 0.000957 0.000000 0.000006 0.000067
221     0.011805 0.008431 0.001080 0.000000 0.000006 0.000078
222     0.011950 0.008414 0.001116 0.000000 0.000006 0.000070
223     0.011068 0.007982 0.001186 0.000000 0.000006 0.000083
224     0.012201 0.007926 0.001045 0.000000 0.000006 0.000068
225     0.010697 0.008070 0.000928 0.000000 0.000006 0.000076
226     0.015793 0.012246 0.001196 0.000000 0.000012 0.000094
227     0.014279 0.010664 0.001038 0.000000 0.000008 0.000079
228     0.012278 0.007441 0.000864 0.000000 0.000007 0.000048
229     0.013782 0.009578 0.001257 0.000000 0.000010 0.000123
230     0.013631 0.010159 0.001014 0.000000 0.000009 0.000094
231     0.011436 0.008912 0.000992 0.000000 0.000005 0.000076
232     0.012302 0.009575 0.000732 0.000000 0.000005 0.000060
233     0.014215 0.011235 0.000671 0.000000 0.000005 0.000075
234     0.015292 0.011330 0.001775 0.000000 0.000018 0.000125
235     0.011795 0.007692 0.001568 0.000000 0.000012 0.000114
236     0.015126 0.010779 0.001985 0.000000 0.000011 0.000102
237     0.013069 0.010334 0.001204 0.000000 0.000011 0.000136
238     0.012569 0.008848 0.000980 0.000000 0.000005 0.000063
239     0.012862 0.009730 0.000896 0.000000 0.000005 0.000080
240     0.015166 0.010885 0.000972 0.000000 0.000005 0.000058
241     0.014159 0.010822 0.000896 0.000000 0.000005 0.000078
242     0.013201 0.010379 0.000941 0.000000 0.000005 0.000060
243     0.011428 0.009290 0.000900 0.000000 0.000006 0.000068
244     0.012972 0.009113 0.001089 0.000000 0.000005 0.000053
245     0.014292 0.010856 0.001175 0.000000 0.000009 0.000097
246     0.014497 0.011342 0.000890 0.000000 0.000005 0.000055
247     0.011880 0.008680 0.001002 0.000000 0.000008 0.000071
248     0.014063 0.010859 0.001039 0.000000 0.000008 0.000081
249     0.011259 0.008758 0.000884 0.000000 0.000005 0.000074
250     0.012515 0.008985 0.001129 0.000000 0.000005 0.000068
251     0.011951 0.008909 0.000813 0.000000 0.000005 0.000217
252     0.024896 0.019293 0.001475 0.000000 0.000014 0.000108
253     0.043744 0.026988 0.014456 0.000000 0.000014 0.000125
254     0.013825 0.008502 0.003068 0.000000 0.000018 0.000113
255     0.011310 0.008514 0.001219 0.000000 0.000009 0.000088
256     0.012362 0.009408 0.001173 0.000000 0.000008 0.000084
257     0.011907 0.008816 0.001281 0.000000 0.000009 0.000099
258     0.012939 0.009675 0.001160 0.000000 0.000008 0.000081
259     0.011976 0.008996 0.000886 0.000000 0.000007 0.000084
260     0.016713 0.012627 0.001886 0.000000 0.000008 0.000088
261     0.013462 0.010875 0.001297 0.000000 0.000009 0.000084
262     0.013304 0.010005 0.001366 0.000000 0.000008 0.000063
263     0.015739 0.012649 0.001164 0.000000 0.000008 0.000083
264     0.013820 0.010284 0.001087 0.000000 0.000007 0.000063
265     0.012743 0.009577 0.001177 0.000000 0.000007 0.000077
266     0.013525 0.010268 0.001487 0.000000 0.000007 0.000063
267     0.012023 0.009912 0.001020 0.000000 0.000006 0.000066
268     0.012949 0.010094 0.001245 0.000000 0.000007 0.000062
269     0.015063 0.010360 0.002864 0.000000 0.000007 0.000069
270     0.013084 0.010490 0.001038 0.000000 0.000007 0.000052
271     0.016432 0.013740 0.001110 0.000000 0.000006 0.000071
272     0.012697 0.009659 0.001146 0.000000 0.000006 0.000058
273     0.012138 0.009950 0.001096 0.000000 0.000005 0.000069
274     0.011993 0.008911 0.001430 0.000000 0.000007 0.000073
275     0.010715 0.007813 0.001197 0.000000 0.000005 0.000074
276     0.011938 0.007933 0.001576 0.000000 0.000006 0.000077
277     0.011627 0.008591 0.001107 0.000000 0.000005 0.000069
278     0.012231 0.008684 0.001864 0.000000 0.000005 0.000061
279     0.010439 0.008101 0.001229 0.000000 0.000005 0.000070
280     0.012708 0.009995 0.001161 0.000000 0.000005 0.000049
281     0.012027 0.008920 0.001421 0.000000 0.000017 0.000124
282     0.047335 0.013214 0.031668 0.000000 0.000009 0.000133
283     0.025494 0.008641 0.001543 0.000000 0.000006 0.000092
284     0.012320 0.009803 0.000971 0.000000 0.000006 0.000048
285     0.011147 0.008558 0.000837 0.000000 0.000006 0.000075
286     0.011110 0.008937 0.000746 0.000000 0.000005 0.000057
287     0.011231 0.008658 0.000896 0.000000 0.000006 0.000073
288     0.010841 0.008158 0.000780 0.000000 0.000005 0.000049
289     0.010763 0.008313 0.000827 0.000000 0.000005 0.000074
290     0.013112 0.010579 0.001147 0.000000 0.000006 0.000057
291     0.015644 0.013103 0.001547 0.000000 0.000012 0.000140
292     0.014525 0.010470 0.001475 0.000000 0.000011 0.000112
293     0.014243 0.009682 0.002163 0.000000 0.000011 0.000114
294     0.013545 0.009749 0.001398 0.000000 0.000011 0.000102
295     0.013534 0.009993 0.001426 0.000000 0.000011 0.000112
296     0.013615 0.009383 0.001523 0.000000 0.000012 0.000107
297     0.012507 0.009465 0.001357 0.000000 0.000011 0.000115
298     0.015839 0.009950 0.003297 0.000000 0.000011 0.000131
299     0.014790 0.010083 0.001531 0.000000 0.000009 0.000121
300     0.851543 0.009442 0.006068 0.299695 0.531820 0.000837
301     0.792198 0.011550 0.004408 0.250053 0.523063 0.000741
302     0.775831 0.010004 0.005678 0.216069 0.541142 0.000560
303     0.885947 0.007666 0.003133 0.271833 0.600649 0.000609
304     0.825050 0.009432 0.003545 0.263956 0.544676 0.000717
305     0.747768 0.008765 0.003423 0.238607 0.493828 0.001162
306     0.838045 0.011656 0.006569 0.299885 0.517330 0.000630
307     0.899364 0.012439 0.003498 0.275823 0.603636 0.000711
308     0.784887 0.012581 0.002696 0.242650 0.524030 0.000727
309     1.016776 0.012564 0.005535 0.379797 0.616967 0.000934
310     0.833619 0.008904 0.003456 0.265374 0.553080 0.000673
311     0.817577 0.009650 0.003684 0.262186 0.539006 0.000723
312     0.868233 0.012754 0.005742 0.223116 0.622717 0.001103
313     0.905066 0.015473 0.006977 0.286222 0.592692 0.001030
314     0.781472 0.010851 0.005335 0.246059 0.516367 0.000949
315     0.929744 0.010629 0.006863 0.288819 0.620809 0.000980
316     0.929454 0.012924 0.005296 0.303507 0.603345 0.001008
317     0.915587 0.009803 0.005677 0.282613 0.614406 0.000596
318     0.920536 0.008326 0.002916 0.282435 0.624946 0.000542
319     0.870189 0.007897 0.004036 0.268828 0.586373 0.000537
320     0.738430 0.010606 0.003130 0.256642 0.466058 0.000576
321     0.877845 0.009929 0.002542 0.291976 0.571311 0.001069
322     0.880072 0.012715 0.006041 0.289075 0.569377 0.000639
323     0.897714 0.012360 0.007680 0.314547 0.559412 0.001219
324     0.987836 0.012044 0.006294 0.343542 0.622253 0.000638
325     0.866598 0.009293 0.003553 0.216022 0.635667 0.000607
326     0.929377 0.008740 0.006894 0.275489 0.635833 0.000880
327     1.001985 0.010445 0.004658 0.298968 0.685100 0.001551
328     0.830306 0.011827 0.003557 0.262503 0.549801 0.000654
329     0.790677 0.010018 0.003284 0.215766 0.559376 0.000649
330     0.805353 0.007656 0.004053 0.270635 0.519955 0.001038
331     0.906174 0.009584 0.003565 0.317925 0.572350 0.000740
332     0.871594 0.009799 0.005016 0.312746 0.541650 0.000591
333     1.027603 0.008120 0.003506 0.304789 0.709590 0.000654
334     0.954841 0.014066 0.007063 0.288882 0.641946 0.000829
335     0.887875 0.015061 0.007118 0.260150 0.602989 0.000657
336     0.859532 0.014991 0.003490 0.299817 0.538609 0.000550
337     0.786325 0.008645 0.003062 0.231609 0.540703 0.000653
338     0.837130 0.014377 0.003471 0.259429 0.557680 0.000627
339     0.938702 0.010949 0.003318 0.272080 0.649448 0.001187
340     0.903379 0.014065 0.011611 0.322169 0.552599 0.000613
341     0.935086 0.008969 0.003444 0.269441 0.651420 0.000000
342     0.816892 0.009108 0.003194 0.256988 0.541290 0.000886
343     1.061335 0.016025 0.006217 0.365342 0.670642 0.000777
344     0.874211 0.011877 0.003798 0.263167 0.592718 0.000639
345     0.846063 0.013110 0.007331 0.277448 0.545805 0.000671
346     0.841637 0.008818 0.003526 0.230441 0.596362 0.000536
347     1.084801 0.009128 0.003150 0.397787 0.671837 0.001063
348     1.092372 0.016354 0.005958 0.294220 0.772160 0.000808
349     1.061659 0.011676 0.005529 0.362972 0.678129 0.000690
350     0.842810 0.010026 0.003542 0.260228 0.566552 0.000795
351     0.786146 0.009704 0.003824 0.259911 0.510451 0.001004
352     0.928597 0.010716 0.005134 0.254088 0.655757 0.000783
353     0.922072 0.009958 0.003470 0.259010 0.647144 0.000881
354     0.917854 0.014228 0.004061 0.298843 0.597778 0.001186
355     0.941543 0.010417 0.005479 0.317357 0.605302 0.000782
356     0.957925 0.011293 0.004711 0.316287 0.623299 0.000882
357     0.981153 0.014067 0.006897 0.301195 0.656280 0.001140
358     0.981095 0.011176 0.004172 0.258035 0.704732 0.001096
359     0.932522 0.009636 0.005434 0.262464 0.650116 0.001409
360     0.937484 0.010880 0.003984 0.249661 0.669250 0.001045
361     0.994618 0.014226 0.005900 0.273546 0.697955 0.001334
362     0.954681 0.008241 0.002909 0.228691 0.711254 0.000787
363     0.907919 0.013696 0.003504 0.248136 0.639734 0.001458
364     1.041599 0.012035 0.005776 0.418944 0.601862 0.001022
365     0.957852 0.010555 0.004033 0.262244 0.678139 0.000790
366     0.892733 0.010189 0.003902 0.230135 0.645853 0.001195
367     0.959777 0.012007 0.005611 0.272738 0.665860 0.000821
368     0.912577 0.009507 0.003708 0.283672 0.611355 0.002650
369     0.899378 0.009660 0.005913 0.260036 0.622504 0.000001
370     0.890187 0.012948 0.003447 0.243091 0.624539 0.000857
371     0.971404 0.010817 0.003537 0.251878 0.701220 0.001094
372     0.873944 0.010677 0.006598 0.271628 0.582004 0.000742
373     0.780128 0.009528 0.005107 0.231889 0.530642 0.000662
374     0.897134 0.009832 0.003811 0.288671 0.592216 0.001107
375     0.859345 0.009986 0.005226 0.263977 0.578242 0.000931
376     0.825110 0.011190 0.004467 0.307805 0.499308 0.000645
377     0.837718 0.008282 0.003826 0.260626 0.562185 0.001277
378     1.228976 0.014206 0.005703 0.507889 0.697373 0.000818
379     0.894271 0.008509 0.003357 0.291323 0.588675 0.000823
380     0.979826 0.014530 0.004294 0.303736 0.654134 0.001427
381     0.974286 0.015319 0.007724 0.276640 0.670935 0.001269
382     0.897659 0.011802 0.003497 0.231064 0.648174 0.000846
383     0.955030 0.010128 0.005256 0.278810 0.657708 0.001483
384     0.986093 0.012098 0.003345 0.258754 0.707685 0.000837
385     0.824179 0.013769 0.004496 0.274688 0.528613 0.000708
386     0.814787 0.007424 0.003887 0.222819 0.578455 0.000703
387     0.852163 0.007973 0.003585 0.230203 0.608177 0.001230
388     0.826101 0.010927 0.006169 0.250495 0.555198 0.000823
389     0.893223 0.009421 0.003896 0.243919 0.633171 0.000918
390     0.961346 0.009287 0.006519 0.233389 0.709672 0.000874
391     1.040714 0.011017 0.005585 0.300426 0.719818 0.001617
392     0.859966 0.013601 0.005569 0.224268 0.613535 0.000750
393     0.916917 0.008530 0.003303 0.324322 0.578321 0.001150
394     1.003595 0.010652 0.005727 0.337248 0.647178 0.000690
395     0.952233 0.009938 0.003467 0.267519 0.667706 0.000855
396     0.906712 0.011773 0.005816 0.237559 0.646854 0.000801
397     0.984968 0.014756 0.006441 0.272113 0.688243 0.000815
398     1.001355 0.012054 0.004276 0.282890 0.699564 0.001069
399     0.865381 0.008459 0.003036 0.251890 0.599824 0.000663
400     0.832219 0.010464 0.003065 0.219503 0.596228 0.000705
401     0.895127 0.012196 0.003292 0.278785 0.598315 0.001171
402     0.934977 0.014047 0.005430 0.363079 0.548794 0.001084
403     0.752387 0.011380 0.003067 0.225017 0.509724 0.000804
404     0.847446 0.014327 0.005119 0.214131 0.611396 0.000931
405     0.975942 0.014289 0.003853 0.372655 0.582615 0.000836
406     0.752584 0.010702 0.004341 0.228915 0.506317 0.000745
407     0.770086 0.008201 0.002999 0.270455 0.485518 0.001418
408     0.882531 0.007895 0.003541 0.264889 0.603094 0.001080
409     0.844249 0.010653 0.003402 0.270558 0.556268 0.001142
410     0.822433 0.013268 0.006028 0.237059 0.562933 0.000905
411     0.884564 0.011657 0.005410 0.239382 0.626220 0.000794
412     1.031141 0.010263 0.003538 0.311972 0.700063 0.000691
413     0.998145 0.009519 0.005808 0.314073 0.665767 0.000771
414     0.779753 0.009092 0.002967 0.192592 0.572373 0.001067
415     1.024570 0.009050 0.002332 0.369422 0.640901 0.001483
416     0.865276 0.012719 0.008309 0.260450 0.580500 0.001006
417     0.831947 0.009805 0.003721 0.236216 0.580254 0.000730
418     0.830119 0.009587 0.005812 0.248199 0.563725 0.001151
419     1.036990 0.009778 0.003723 0.305792 0.714303 0.001438
420     0.966533 0.011639 0.003439 0.294215 0.652926 0.000660
421     0.838158 0.010104 0.003067 0.238490 0.582732 0.002064
422     0.983500 0.015794 0.003906 0.254932 0.704920 0.001052
423     0.935260 0.008386 0.003783 0.269173 0.651341 0.001053
424     0.889614 0.011482 0.003554 0.315764 0.555434 0.001164
425     0.955106 0.011224 0.005413 0.325156 0.610110 0.001321
426     0.856487 0.012537 0.006456 0.274936 0.556405 0.003928
427     0.937067 0.012509 0.005905 0.276879 0.638294 0.000727
428     0.931502 0.010572 0.003226 0.262946 0.651291 0.001187
429     0.919022 0.012041 0.006238 0.305410 0.593014 0.000778
430     0.913011 0.011211 0.006423 0.299920 0.592667 0.001035
431     0.940845 0.013782 0.003727 0.284521 0.634971 0.001134
432     0.843303 0.010539 0.003332 0.284518 0.540747 0.000790
433     0.752309 0.010056 0.003160 0.228069 0.507715 0.000808
434     0.790240 0.010726 0.003959 0.242942 0.529593 0.001228
435     0.756129 0.008312 0.005473 0.210390 0.530027 0.000759
436     0.808461 0.009255 0.003190 0.238840 0.553458 0.001033
437     0.887430 0.014376 0.005293 0.265586 0.599122 0.001304
438     1.326062 0.011654 0.005214 0.701248 0.604968 0.001071
439     0.772648 0.009683 0.004541 0.249524 0.505799 0.001025
440     0.772314 0.010498 0.003354 0.181470 0.574095 0.000794
441     1.018237 0.009611 0.003538 0.259853 0.743236 0.000941
442     1.016557 0.010804 0.005383 0.296120 0.700284 0.001860
443     0.933940 0.017254 0.008251 0.255790 0.646793 0.000802
444     0.919457 0.008047 0.003387 0.306768 0.598249 0.000749
445     0.774376 0.009549 0.003557 0.225081 0.532863 0.000826
446     0.860337 0.008646 0.003389 0.265341 0.580112 0.001244
447     0.845207 0.014282 0.005171 0.236560 0.586071 0.000765
448     0.770899 0.010125 0.004147 0.267296 0.487074 0.000677
449     0.841366 0.007716 0.002900 0.248840 0.579705 0.000703
450     0.851030 0.033850 0.005580 0.260832 0.547518 0.001411
451     0.719677 0.009744 0.002855 0.237074 0.466726 0.000841
452     0.690282 0.011658 0.005804 0.210238 0.459171 0.001449
453     0.943890 0.010796 0.005648 0.382055 0.543289 0.000645
454     0.868305 0.010395 0.004263 0.310803 0.539507 0.000871
455     0.775349 0.011739 0.005681 0.233961 0.521414 0.001073
456     0.932505 0.009501 0.008330 0.297526 0.614165 0.000626
457     0.780849 0.008842 0.003894 0.200267 0.564884 0.001127
458     0.872992 0.012781 0.005508 0.275715 0.576373 0.000899
459     0.791044 0.012750 0.006200 0.281331 0.488786 0.000650
460     0.736398 0.008861 0.003496 0.239126 0.482496 0.000609
461     0.788217 0.012112 0.003230 0.216765 0.553404 0.001039
462     0.833351 0.013419 0.005322 0.415053 0.395187 0.001305
463     0.928236 0.017824 0.004616 0.334660 0.566325 0.000863
464     0.888414 0.010346 0.003176 0.291491 0.580299 0.000658
465     1.005304 0.010536 0.007272 0.492663 0.492618 0.000746
466     0.764665 0.010332 0.003388 0.259649 0.488766 0.000692
467     0.887591 0.012220 0.003632 0.299911 0.568896 0.000996
468     0.786479 0.010140 0.003397 0.230538 0.538299 0.001153
469     0.845561 0.011210 0.006669 0.270374 0.553575 0.001004
470     0.804004 0.009359 0.004597 0.278649 0.508369 0.000826
471     0.817605 0.008859 0.003547 0.250520 0.552670 0.000696
472     0.907788 0.012857 0.006059 0.323751 0.562187 0.000710
473     0.702964 0.011715 0.003178 0.253307 0.432454 0.000651
474     0.720911 0.009704 0.003223 0.272267 0.432686 0.000671
475     0.849709 0.012935 0.005392 0.319621 0.508235 0.000956
476     0.716823 0.007974 0.005755 0.236824 0.462548 0.001017
477     0.727882 0.017407 0.004508 0.233302 0.470388 0.000661
478     0.831004 0.005822 0.004158 0.299013 0.519234 0.000838
479     0.750980 0.012460 0.003460 0.211400 0.520344 0.000651
480     0.808068 0.009691 0.003392 0.222032 0.570122 0.000647
481     0.813197 0.010134 0.006137 0.254173 0.540056 0.000713
482     0.707279 0.009917 0.005681 0.244517 0.444852 0.000662
483     0.780776 0.003530 0.015653 0.261835 0.497973 0.000667
484     0.781477 0.009748 0.004787 0.253241 0.510529 0.001219
485     0.839599 0.018043 0.005857 0.278474 0.532878 0.000956
486     0.938214 0.011222 0.005265 0.257928 0.660844 0.000712
487     0.820371 0.010798 0.003442 0.230188 0.572942 0.001425
488     1.103997 0.011090 0.005546 0.475554 0.607603 0.000678
489     0.742816 0.011533 0.003160 0.223133 0.503058 0.000695
490     0.840637 0.009126 0.003089 0.296178 0.529719 0.000785
491     0.843602 0.011630 0.005910 0.292356 0.530518 0.000887
492     0.713510 0.013812 0.003179 0.276479 0.416343 0.000666
493     0.770149 0.012284 0.005704 0.265212 0.484845 0.000617
494     0.778912 0.012817 0.005045 0.261633 0.497182 0.000756
495     0.816106 0.011222 0.003174 0.268294 0.531603 0.000690
496     0.732565 0.008262 0.003587 0.236883 0.480012 0.001436
497     0.824554 0.013235 0.005739 0.296278 0.506466 0.000742
498     0.803914 0.009455 0.004379 0.249458 0.538422 0.000689
499     0.717358 0.008690 0.002934 0.204988 0.497820 0.001032
500     0.695628 0.012153 0.003628 0.224551 0.452367 0.001041
501     0.681986 0.020252 0.004109 0.266280 0.388957 0.000673
502     0.600190 0.010858 0.003528 0.228704 0.354516 0.000885
503     0.743388 0.008754 0.005284 0.261808 0.464581 0.000536
504     0.605082 0.007989 0.003140 0.180233 0.411110 0.000974
505     0.744089 0.008865 0.005461 0.240702 0.485140 0.000980
506     0.764466 0.012802 0.005349 0.256507 0.486739 0.001078
507     0.672313 0.009403 0.005004 0.246104 0.409839 0.000739
508     0.672583 0.010801 0.004139 0.271239 0.384410 0.000536
509     0.715755 0.007774 0.002888 0.232127 0.468778 0.001042
510     0.752276 0.012241 0.006091 0.244203 0.486250 0.001121
511     0.775651 0.012120 0.006042 0.254487 0.498736 0.001351
512     0.710779 0.009635 0.004603 0.278407 0.415366 0.000594
513     0.778721 0.009126 0.003051 0.250744 0.514102 0.000594
514     0.767112 0.008582 0.003152 0.241516 0.511938 0.000548
515     0.690223 0.009528 0.004007 0.231474 0.443153 0.000560
516     0.749268 0.007969 0.003391 0.238400 0.495637 0.000558
517     0.831485 0.010622 0.005296 0.274426 0.538344 0.000570
518     0.741801 0.008208 0.003409 0.291980 0.435966 0.000653
519     0.724729 0.011360 0.003707 0.261842 0.445957 0.000783
520     0.750872 0.010679 0.003529 0.297731 0.435804 0.000672
521     0.874037 0.010749 0.006221 0.283491 0.570917 0.001139
522     0.749220 0.009942 0.006825 0.246570 0.482645 0.000912
523     0.677021 0.012121 0.004749 0.212750 0.444724 0.000791
524     0.817550 0.014899 0.003082 0.301449 0.495400 0.000872
525     0.689372 0.015410 0.006082 0.291072 0.374440 0.000688
526     0.601940 0.011248 0.003150 0.188418 0.396546 0.000723
527     0.931579 0.013301 0.005751 0.363206 0.546754 0.000902
528     0.778410 0.013666 0.005974 0.290985 0.464271 0.000577
529     0.790037 0.010037 0.002815 0.314941 0.459886 0.000702
530     0.689445 0.011872 0.006060 0.221527 0.447405 0.000951
531     0.761937 0.010316 0.004867 0.276667 0.468104 0.000587
532     0.835120 0.007946 0.003373 0.271019 0.550214 0.001124
533     0.759002 0.012911 0.005162 0.273220 0.464390 0.000682
534     0.717759 0.012095 0.006960 0.292211 0.403319 0.000580
535     0.639563 0.007886 0.003322 0.253203 0.372789 0.000611
536     0.732579 0.010027 0.005997 0.248303 0.465636 0.000998
537     0.703552 0.013553 0.004844 0.282005 0.400187 0.000598
538     0.693201 0.009045 0.005992 0.248200 0.426805 0.001041
539     0.828708 0.015327 0.005169 0.294271 0.510748 0.001017
540     0.704464 0.011479 0.004698 0.256918 0.427559 0.000837
541     0.852165 0.011586 0.003804 0.321945 0.512324 0.000746
542     0.816149 0.013063 0.004892 0.236381 0.559047 0.001101
543     0.859625 0.011169 0.003091 0.288138 0.555098 0.000475
544     0.791408 0.008653 0.003113 0.257424 0.520124 0.000591
545     0.821592 0.015213 0.005827 0.279599 0.518784 0.000674
546     0.761324 0.010590 0.003350 0.287525 0.457738 0.000497
547     0.785379 0.013140 0.004639 0.278529 0.486581 0.000715
548     0.764439 0.009987 0.005834 0.248782 0.497889 0.000506
549     0.677592 0.008495 0.003017 0.219758 0.444431 0.000979
550     0.864873 0.011660 0.006360 0.311981 0.531750 0.000797
551     0.848709 0.012712 0.006694 0.306821 0.518956 0.001134
552     0.806736 0.011362 0.006094 0.288481 0.496034 0.000679
553     0.736380 0.009101 0.003172 0.214757 0.506911 0.000888
554     0.733529 0.011553 0.003076 0.251103 0.464892 0.001137
555     0.788271 0.013883 0.004749 0.265957 0.501173 0.000922
556     0.768967 0.019175 0.005115 0.210655 0.530479 0.001104
557     0.940146 0.011082 0.005032 0.333327 0.587219 0.000960
558     0.935700 0.012116 0.005796 0.329164 0.585377 0.000835
559     0.970058 0.013405 0.004316 0.335685 0.613472 0.001227
560     1.067195 0.014222 0.006048 0.432544 0.610421 0.000740
561     0.913844 0.010449 0.006620 0.267178 0.626122 0.001836
562     0.969753 0.013434 0.003834 0.353443 0.593523 0.001120
563     0.757106 0.010516 0.006121 0.237414 0.500278 0.000796
564     0.843474 0.009923 0.005908 0.258567 0.564762 0.001567
565     0.708234 0.010813 0.003165 0.236214 0.455515 0.000683
566     0.786257 0.009658 0.005552 0.264020 0.504814 0.000643
567     0.809477 0.008958 0.004261 0.248440 0.545557 0.001230
568     1.490676 0.014869 0.005100 0.771337 0.696067 0.000966
569     0.818676 0.013915 0.005292 0.324628 0.471714 0.000590
570     0.888588 0.008566 0.005844 0.261971 0.609817 0.001069
571     1.052717 0.011542 0.003707 0.420180 0.614137 0.001304
572     0.880285 0.011396 0.005270 0.282391 0.578311 0.001019
573     0.791118 0.010725 0.004967 0.261313 0.511778 0.000856
574     0.779529 0.010080 0.005133 0.241072 0.520473 0.000950
575     0.782234 0.011405 0.005025 0.265368 0.497601 0.000626
576     0.827587 0.009038 0.003161 0.267660 0.544769 0.000879
577     0.796216 0.009514 0.004958 0.260337 0.518523 0.000776
578     0.992115 0.014236 0.005908 0.431022 0.537919 0.000641
579     0.876691 0.010137 0.002911 0.361516 0.500444 0.000656
580     0.941672 0.008715 0.004208 0.362636 0.563297 0.001183
581     0.779293 0.009946 0.006455 0.221359 0.538270 0.000692
582     0.920483 0.010373 0.003909 0.268509 0.634614 0.001162
583     0.857212 0.010937 0.006025 0.307165 0.529931 0.000966
584     0.804410 0.011512 0.007552 0.282770 0.499461 0.001389
585     0.989474 0.013231 0.003201 0.267254 0.703114 0.001320
586     0.999825 0.038479 0.004961 0.282359 0.665104 0.000766
587     1.237858 0.011559 0.003532 0.540848 0.679594 0.000636
588     1.101401 0.010174 0.006386 0.531978 0.549215 0.000643
589     0.833160 0.009661 0.005364 0.304075 0.510991 0.000784
590     0.890662 0.010919 0.003131 0.309560 0.564351 0.000809
591     0.746902 0.009926 0.004371 0.234116 0.496364 0.000654
592     0.781326 0.011577 0.005951 0.282724 0.479025 0.000552
593     0.727898 0.010097 0.002586 0.249500 0.463650 0.000604
594     0.801646 0.014325 0.003190 0.290014 0.491818 0.000875
595     0.815258 0.012181 0.004848 0.270992 0.524542 0.000640
596     0.791135 0.008086 0.003796 0.280215 0.496139 0.001067
597     0.798012 0.009535 0.004898 0.233450 0.547950 0.000914
598     0.900267 0.012495 0.003286 0.307294 0.573462 0.001444
599     0.813632 0.012419 0.006341 0.273703 0.518587 0.000652
600     0.854918 0.011560 0.003639 0.284819 0.551146 0.001046
601     0.861582 0.009094 0.004854 0.277100 0.566580 0.001153
602     0.919021 0.011018 0.007080 0.308644 0.589043 0.000812
603     0.786189 0.011979 0.003129 0.241281 0.527031 0.001223
604     0.789656 0.009500 0.006674 0.283361 0.487200 0.000706
605     0.886599 0.012023 0.005463 0.364534 0.502006 0.000669
606     0.769058 0.009320 0.005145 0.255512 0.496153 0.001349
607     1.050036 0.012946 0.006103 0.426954 0.600604 0.000680
608     1.115796 0.012555 0.005556 0.465990 0.627834 0.001516
609     0.900042 0.015796 0.005819 0.330040 0.545759 0.000996
610     0.936790 0.011188 0.003961 0.277476 0.640896 0.000731
611     1.063612 0.012573 0.004928 0.429719 0.612991 0.000936
612     1.202691 0.010083 0.003865 0.616315 0.567650 0.001938
613     0.740660 0.011039 0.005008 0.264608 0.456674 0.001252
614     0.697770 0.010540 0.004602 0.248459 0.431151 0.000809
615     0.795677 0.009807 0.003567 0.239345 0.540651 0.001086
616     1.079903 0.026735 0.003335 0.428685 0.610737 0.001279
617     0.674080 0.009299 0.002897 0.210737 0.448606 0.000892
618     0.766427 0.009761 0.002879 0.230181 0.521110 0.000656
619     0.768922 0.008984 0.003021 0.252744 0.501452 0.001156
620     0.727298 0.011986 0.004905 0.226328 0.481134 0.000628
621     0.805976 0.010408 0.003709 0.277782 0.512357 0.000691
622     0.794453 0.008697 0.002883 0.252794 0.527209 0.001322
623     0.834479 0.011499 0.003404 0.231862 0.584842 0.000864
624     0.844283 0.011119 0.003691 0.251731 0.573695 0.001336
625     0.948523 0.015856 0.005259 0.300020 0.623714 0.000996
626     0.941052 0.013939 0.006519 0.381953 0.535570 0.000692
627     1.008091 0.011101 0.004179 0.309086 0.681860 0.000867
628     0.777833 0.011586 0.003154 0.236909 0.523456 0.000561
629     0.831859 0.009625 0.003058 0.234105 0.582837 0.000618
630     0.812265 0.012817 0.005728 0.264478 0.526611 0.000754
631     0.949923 0.011346 0.005840 0.413775 0.515565 0.000713
632     0.734976 0.011564 0.007155 0.203615 0.508918 0.001123
633     0.736504 0.009848 0.003079 0.226012 0.495376 0.001173
634     0.899608 0.011422 0.003055 0.298512 0.584268 0.000710
635     0.761901 0.011451 0.003189 0.238240 0.506175 0.001303
636     0.835339 0.011217 0.005739 0.325820 0.489316 0.000712
637     0.831535 0.009084 0.004980 0.294528 0.518573 0.000946
638     0.804438 0.010322 0.002816 0.313075 0.475125 0.000699
639     0.938103 0.012813 0.006284 0.340470 0.576260 0.001171
640     0.843883 0.016921 0.008582 0.266244 0.548627 0.000812
641     0.791663 0.009021 0.003358 0.267143 0.508582 0.001212
642     0.999735 0.014863 0.007198 0.330903 0.643224 0.001153
643     0.922475 0.012645 0.004030 0.312314 0.589928 0.000668
644     0.741990 0.010300 0.002988 0.218528 0.507245 0.001200
645     0.758255 0.012164 0.005907 0.273430 0.464553 0.000940
646     0.797869 0.007829 0.002653 0.234497 0.550726 0.000646
647     0.845314 0.008758 0.002604 0.254923 0.576648 0.000701
648     0.881866 0.009341 0.003438 0.276896 0.589220 0.000961
649     0.756343 0.008964 0.002979 0.258878 0.483163 0.000756
650     0.810013 0.010480 0.003238 0.258512 0.534997 0.001101
651     0.898747 0.009339 0.002697 0.272449 0.611956 0.000962
652     0.948443 0.010322 0.003553 0.309280 0.622512 0.000705
653     0.834770 0.009027 0.003718 0.193154 0.626011 0.001000
654     0.710485 0.010587 0.003086 0.232305 0.462184 0.000608
655     0.846415 0.010912 0.003106 0.255474 0.574189 0.001305
656     0.755268 0.009621 0.004919 0.285684 0.452597 0.000627
657     0.748741 0.013229 0.005767 0.246907 0.480541 0.000642
658     0.806087 0.012523 0.003476 0.285608 0.502002 0.000705
659     1.046470 0.009423 0.003417 0.454071 0.577125 0.000954
660     0.945150 0.012770 0.006753 0.311112 0.611152 0.000603
661     0.763642 0.008882 0.003210 0.249043 0.498985 0.000886
662     0.808309 0.013638 0.005426 0.251844 0.533061 0.002059
663     0.875842 0.012339 0.004559 0.264096 0.575425 0.001392
664     0.812119 0.015212 0.007018 0.306148 0.480179 0.000659
665     0.707146 0.008466 0.003141 0.254619 0.438767 0.000623
666     0.727547 0.008673 0.003981 0.237930 0.474871 0.000664
667     0.712973 0.009003 0.003786 0.192071 0.505718 0.000901
668     0.774074 0.012794 0.005043 0.256997 0.496098 0.000919
669     0.777098 0.009697 0.004736 0.266262 0.494130 0.000964
670     0.743499 0.011029 0.004072 0.254268 0.471418 0.000651
671     0.821085 0.012318 0.005643 0.315855 0.485069 0.000640
672     0.734413 0.009445 0.003620 0.240485 0.476134 0.000869
673     0.803722 0.014899 0.003868 0.272239 0.509364 0.001068
674     0.970572 0.012504 0.003307 0.417213 0.534594 0.001298
675     0.849761 0.012099 0.006270 0.317677 0.511013 0.001072
676     0.819588 0.008912 0.005942 0.277233 0.522967 0.000801
677     0.887913 0.010200 0.003371 0.297299 0.574332 0.000867
678     0.818592 0.009617 0.004115 0.276206 0.525387 0.000969
679     0.816387 0.012040 0.003605 0.295077 0.502591 0.000711
680     0.849477 0.012224 0.005584 0.322093 0.505959 0.000759
681     0.821544 0.009837 0.006049 0.278996 0.524545 0.000617
682     0.798926 0.012671 0.005448 0.269504 0.507877 0.000610
683     0.780042 0.014561 0.005590 0.257564 0.498479 0.000679
684     0.974136 0.008716 0.003806 0.449329 0.508070 0.000953
685     0.932226 0.012926 0.006403 0.303079 0.606326 0.000619
686     1.026412 0.013938 0.006193 0.490853 0.512632 0.000654
687     0.683337 0.007267 0.003026 0.242928 0.428306 0.000580
688     0.693394 0.010995 0.003056 0.223017 0.454415 0.000595
689     0.712487 0.010140 0.003133 0.256194 0.439834 0.001080
690     0.686314 0.013021 0.004536 0.230453 0.434704 0.000701
691     0.854195 0.009974 0.003333 0.292047 0.545762 0.000700
692     0.861981 0.012640 0.005827 0.337388 0.502686 0.001048
693     0.877687 0.014718 0.006442 0.315056 0.538934 0.000966
694     0.738810 0.011084 0.004138 0.259972 0.460324 0.001499
695     0.743702 0.010268 0.005272 0.233837 0.491552 0.000732
696     0.697127 0.012456 0.005625 0.245702 0.428974 0.000784
697     0.803002 0.011860 0.003273 0.258383 0.525947 0.001023
698     0.834314 0.014078 0.007213 0.262512 0.546995 0.000672
699     0.766948 0.012370 0.006187 0.263728 0.482076 0.001150
700     0.883106 0.014494 0.004898 0.290097 0.570778 0.000935
701     0.845723 0.012993 0.005889 0.327882 0.495236 0.000729
702     0.699677 0.011900 0.004361 0.263127 0.416610 0.001027
703     0.762534 0.011836 0.005222 0.280646 0.460594 0.000899
704     0.739424 0.010795 0.003972 0.224061 0.497644 0.001114
705     0.864604 0.009980 0.002722 0.366390 0.483730 0.000680
706     0.730703 0.011945 0.003859 0.286450 0.425980 0.000574
707     0.722694 0.008770 0.003304 0.229111 0.479048 0.000806
708     0.794428 0.010886 0.007888 0.346544 0.426262 0.000612
709     0.757935 0.009575 0.003013 0.234706 0.508292 0.000573
710     0.816315 0.009325 0.003252 0.307633 0.493371 0.001128
711     0.873374 0.013838 0.005906 0.330233 0.521206 0.000644
712     0.861146 0.012128 0.004229 0.301012 0.541092 0.000953
713     0.871361 0.010778 0.004350 0.299320 0.554495 0.000541
714     0.812946 0.010379 0.003055 0.264912 0.532157 0.001031
715     0.781323 0.013177 0.006548 0.283474 0.474746 0.000517
716     0.882355 0.007521 0.003559 0.263808 0.604450 0.000940
717     0.887223 0.013818 0.006021 0.342114 0.522890 0.000803
718     0.753204 0.009608 0.003760 0.247048 0.490659 0.000646
719     0.744144 0.008524 0.003025 0.291609 0.437824 0.001103
720     0.710664 0.011067 0.003488 0.274558 0.418689 0.000578
721     0.752991 0.009311 0.003061 0.250352 0.487774 0.000616
722     0.820376 0.008583 0.003758 0.307700 0.497847 0.000952
723     0.755064 0.012130 0.005020 0.243030 0.492539 0.000636
724     0.781907 0.013813 0.006225 0.313593 0.444950 0.000645
725     0.735312 0.014233 0.006029 0.283757 0.427979 0.000971
726     0.898457 0.013548 0.007663 0.289212 0.585829 0.000461
727     1.036322 0.010601 0.003382 0.482831 0.536296 0.000944
728     0.877163 0.015679 0.005887 0.351679 0.500877 0.000776
729     0.703239 0.010241 0.004043 0.263620 0.423547 0.000569
730     0.799556 0.011102 0.003068 0.280235 0.502700 0.000644
731     0.744309 0.011014 0.006425 0.291111 0.432873 0.000577
732     0.877997 0.007735 0.002911 0.263698 0.600841 0.000952
733     0.857398 0.011919 0.006305 0.303173 0.532109 0.000660
734     0.898948 0.011621 0.003815 0.299967 0.580832 0.000638
735     0.834569 0.012367 0.004908 0.297223 0.517833 0.000819
736     0.868826 0.013180 0.005924 0.278951 0.568210 0.000713
737     0.823157 0.013387 0.003780 0.293634 0.508681 0.000984
738     0.876748 0.011848 0.003945 0.319743 0.538595 0.000624
739     0.717017 0.013330 0.003412 0.266524 0.431710 0.000625
740     0.871194 0.010652 0.003256 0.289715 0.565161 0.000780
741     0.768474 0.013344 0.004192 0.275415 0.472943 0.001051
742     0.704655 0.010731 0.004422 0.259837 0.427006 0.000613
743     0.700427 0.012562 0.003349 0.215883 0.466567 0.000550
744     1.003282 0.010472 0.006751 0.456606 0.526175 0.000559
745     0.841757 0.011071 0.003895 0.315181 0.509173 0.000920
746     0.755159 0.011864 0.003998 0.264575 0.471616 0.001120
747     0.958820 0.012065 0.005709 0.323928 0.614735 0.000909
748     0.854324 0.013617 0.006686 0.359979 0.469844 0.001059
749     0.764008 0.010706 0.004989 0.279342 0.465471 0.000557
750     0.897297 0.009418 0.004261 0.371065 0.509825 0.001200
751     0.831652 0.012397 0.006643 0.303277 0.506150 0.001025
752     0.852543 0.011019 0.005129 0.298480 0.534037 0.000633
753     0.892001 0.013477 0.003106 0.268200 0.604596 0.001198
754     0.922420 0.015253 0.006372 0.371692 0.525665 0.000903
755     0.830864 0.012883 0.005170 0.323911 0.485905 0.000609
756     0.817193 0.009882 0.003198 0.234830 0.566553 0.000629
757     0.770683 0.011486 0.005522 0.254734 0.495788 0.000859
758     0.942879 0.009432 0.003784 0.288119 0.638890 0.000774
759     0.876380 0.013444 0.004202 0.324146 0.532099 0.000847
760     0.826138 0.011199 0.004884 0.325087 0.482576 0.000693
761     0.727703 0.009618 0.003693 0.261396 0.450179 0.000626
762     0.767731 0.008555 0.003193 0.274981 0.477551 0.000592
763     0.813986 0.009498 0.003308 0.269528 0.528359 0.001097
764     0.950905 0.012052 0.005065 0.358877 0.570695 0.001019
765     1.039213 0.013423 0.005367 0.343313 0.674358 0.001092
766     0.903518 0.013614 0.006002 0.310328 0.569822 0.001028
767     0.792019 0.014187 0.003523 0.307259 0.464590 0.000959
768     0.720132 0.011174 0.004811 0.268548 0.432040 0.000574
769     0.678758 0.008106 0.002865 0.245921 0.419181 0.001176
770     0.881198 0.009152 0.003015 0.312243 0.553388 0.000851
771     0.849560 0.009751 0.004528 0.404458 0.428765 0.000592
772     0.809691 0.013506 0.005637 0.304582 0.482110 0.000989
773     0.813772 0.013999 0.005381 0.276007 0.515118 0.000716
774     0.740686 0.009705 0.003592 0.255858 0.469008 0.000523
775     0.773843 0.008250 0.002853 0.320944 0.439370 0.000740
776     0.728334 0.008730 0.006012 0.225935 0.485193 0.000596
777     0.675809 0.010662 0.003393 0.242453 0.417473 0.000763
778     0.747201 0.008188 0.004294 0.224186 0.508062 0.000956
779     0.823315 0.012733 0.005380 0.314615 0.487090 0.000992
780     0.744381 0.013476 0.003918 0.221169 0.501907 0.001367
781     1.034806 0.013375 0.005648 0.429641 0.583391 0.000688
782     1.161911 0.014639 0.003544 0.554364 0.586514 0.000694
783     0.969429 0.012891 0.003741 0.304600 0.645946 0.000896
784     0.868758 0.010885 0.006941 0.290836 0.557017 0.000972
785     0.810193 0.011536 0.004080 0.296411 0.495375 0.000878
786     0.723590 0.012583 0.002949 0.231287 0.474188 0.000689
787     0.748757 0.010152 0.003889 0.262465 0.469626 0.000593
788     0.730853 0.008722 0.003086 0.270926 0.444851 0.001079
789     0.748131 0.009851 0.004919 0.264631 0.467086 0.000605
790     0.689372 0.012852 0.003136 0.227413 0.443565 0.000830
791     0.693375 0.010506 0.004690 0.254679 0.420183 0.000801
792     0.840154 0.009685 0.004179 0.260192 0.562570 0.000802
793     0.799215 0.012365 0.004231 0.291169 0.487862 0.001019
794     0.711150 0.011191 0.005978 0.254983 0.435881 0.000763
795     0.690896 0.009737 0.003697 0.253682 0.422113 0.000560
796     0.653421 0.010768 0.005218 0.232283 0.402143 0.000643
797     0.659117 0.008852 0.003280 0.250099 0.394350 0.000814
798     0.788375 0.008786 0.004413 0.272037 0.499888 0.000979
799     0.689642 0.012161 0.007288 0.272823 0.394123 0.000668
800     0.655795 0.008440 0.002587 0.228188 0.414396 0.000658
801     0.693720 0.010197 0.004026 0.284215 0.393259 0.000651
802     0.664931 0.009996 0.004359 0.239989 0.407318 0.000885
803     0.923926 0.010041 0.004362 0.408736 0.497913 0.000778
804     0.714398 0.010186 0.004675 0.297082 0.399466 0.000531
805     0.738927 0.009179 0.003271 0.278705 0.445139 0.000685
806     0.930746 0.011175 0.004276 0.460140 0.452015 0.000901
807     0.723469 0.008894 0.003188 0.299731 0.408354 0.002021
808     0.791766 0.014580 0.006041 0.284090 0.483966 0.000780
809     0.779899 0.010026 0.005731 0.279308 0.481824 0.000870
810     0.696628 0.011117 0.004959 0.266032 0.412115 0.000499
811     0.737390 0.011151 0.003124 0.291403 0.428739 0.000482
812     0.705474 0.010275 0.002898 0.271807 0.418276 0.000495
813     0.721007 0.009707 0.003829 0.272500 0.432721 0.000533
814     0.699154 0.009254 0.003344 0.278705 0.405267 0.000522
815     0.667656 0.009100 0.004435 0.255509 0.396465 0.000564
816     0.704001 0.009877 0.003380 0.266979 0.418951 0.000841
817     0.759571 0.012595 0.006363 0.288836 0.448042 0.000895
818     0.738285 0.013727 0.005384 0.311396 0.404527 0.000560
819     0.701847 0.007984 0.003268 0.286658 0.402186 0.000520
820     0.663795 0.008356 0.003221 0.275910 0.372942 0.001145
821     0.720843 0.012803 0.005548 0.266707 0.432542 0.000487
822     0.771985 0.012291 0.002804 0.273960 0.480587 0.000951
823     0.767269 0.012955 0.004464 0.321274 0.424630 0.000658
824     0.664081 0.009227 0.005481 0.251528 0.394930 0.000819
825     0.764773 0.009114 0.002757 0.246394 0.504818 0.000483
826     0.898842 0.011636 0.004043 0.374379 0.506036 0.000860
827     0.740182 0.013140 0.005755 0.291062 0.426917 0.000920
828     0.815868 0.019222 0.003692 0.316266 0.473901 0.000857
829     0.743827 0.009422 0.003164 0.293849 0.434906 0.000849
830     0.746383 0.009761 0.005364 0.296660 0.431851 0.000524
831     0.871126 0.010498 0.005273 0.331260 0.522058 0.000847
832     0.791311 0.010420 0.003224 0.369178 0.405772 0.001127
833     0.893190 0.010715 0.005433 0.401842 0.472736 0.000712
834     0.771441 0.011482 0.004104 0.273564 0.478807 0.000589
835     0.813926 0.012233 0.006472 0.262791 0.529805 0.000742
836     0.737971 0.010226 0.003335 0.277684 0.443353 0.000698
837     0.699430 0.010656 0.005817 0.252226 0.428630 0.000533
838     0.702024 0.009255 0.002975 0.286308 0.401405 0.000590
839     0.717071 0.008725 0.003274 0.271099 0.431575 0.000510
840     0.768494 0.009022 0.003050 0.303092 0.450232 0.000807
841     0.815413 0.014917 0.007179 0.330503 0.459955 0.000614
842     0.771755 0.013301 0.003381 0.315863 0.436700 0.000930
843     0.926833 0.014033 0.005001 0.481384 0.423926 0.000848
844     0.928392 0.013464 0.005677 0.453013 0.453928 0.000638
845     0.696588 0.009768 0.003168 0.270242 0.411176 0.000774
846     0.794779 0.014176 0.004126 0.314251 0.460002 0.000748
847     0.790105 0.011550 0.004890 0.275527 0.495706 0.000897
848     0.761557 0.012177 0.005569 0.323237 0.416748 0.000567
849     0.764470 0.009506 0.002949 0.281707 0.468678 0.000521
850     0.950194 0.011676 0.006494 0.399768 0.528568 0.000875
851     0.940301 0.014525 0.004911 0.487478 0.430060 0.001058
852     0.790220 0.011274 0.003722 0.278971 0.493225 0.000738
853     0.709985 0.013466 0.004557 0.260038 0.429028 0.000707
854     0.613320 0.007946 0.003051 0.235560 0.364004 0.000791
855     0.699179 0.012019 0.005099 0.239624 0.440063 0.000790
856     0.771324 0.014096 0.008418 0.311513 0.434020 0.000956
857     0.782303 0.014364 0.005094 0.244017 0.514929 0.000483
858     0.697227 0.009670 0.003109 0.286939 0.394824 0.000837
859     0.705153 0.011512 0.006325 0.287796 0.396546 0.000931
860     0.778041 0.012128 0.003454 0.263482 0.495367 0.000907
861     0.980310 0.014169 0.005698 0.489834 0.468431 0.000444
862     0.820534 0.014049 0.003730 0.336247 0.463515 0.000747
863     0.642762 0.011441 0.006201 0.260178 0.361669 0.000554
864     0.634324 0.013187 0.003079 0.197725 0.416218 0.000535
865     0.658481 0.008545 0.002630 0.238499 0.405012 0.000669
866     0.721438 0.010780 0.003086 0.279024 0.425705 0.000516
867     0.778367 0.011765 0.004938 0.303085 0.456263 0.000942
868     0.901119 0.013576 0.005647 0.410044 0.467668 0.001032
869     0.847744 0.014967 0.004866 0.331562 0.493337 0.000552
870     0.614772 0.010576 0.003001 0.235337 0.363025 0.000513
871     0.699396 0.009116 0.002315 0.313881 0.371228 0.000651
872     0.747668 0.009116 0.003154 0.261822 0.470495 0.000772
873     0.871880 0.012785 0.005421 0.411949 0.439639 0.000431
874     0.819565 0.009828 0.004113 0.306179 0.497539 0.000461
875     0.817289 0.009741 0.003508 0.302509 0.498770 0.000746
876     0.940970 0.011867 0.004555 0.428652 0.492284 0.000996
877     0.879426 0.012153 0.005754 0.386416 0.471824 0.000536
878     0.664206 0.010079 0.003106 0.245292 0.402825 0.000548
879     0.684525 0.010566 0.005595 0.293622 0.372531 0.000829
880     0.796901 0.010004 0.005097 0.269612 0.509037 0.000534
881     0.813986 0.011303 0.003909 0.318902 0.476802 0.000877
882     0.687511 0.011061 0.005509 0.247748 0.420488 0.000671
883     0.672406 0.011171 0.005835 0.222020 0.430191 0.000898
884     0.734539 0.010714 0.005779 0.282094 0.433097 0.000450
885     0.757804 0.011322 0.003796 0.268461 0.472059 0.000892
886     0.810683 0.016199 0.007671 0.329188 0.454263 0.000902
887     0.801830 0.011937 0.003299 0.277226 0.506863 0.000602
888     0.856409 0.014314 0.005275 0.314357 0.518060 0.000890
889     0.735927 0.009229 0.004317 0.321969 0.397525 0.000724
890     0.737089 0.013189 0.005173 0.299056 0.416612 0.000622
891     0.715260 0.010045 0.003983 0.291272 0.408209 0.000531
892     0.701120 0.010610 0.005601 0.307282 0.373447 0.000692
893     0.736311 0.008961 0.003044 0.279365 0.442196 0.000846
894     0.709158 0.009662 0.003684 0.268674 0.424494 0.000868
895     0.766266 0.012563 0.005490 0.312386 0.432647 0.000703
896     0.700563 0.009508 0.004400 0.297223 0.387158 0.000549
897     0.679581 0.009932 0.004479 0.277842 0.385559 0.000487
898     0.661980 0.009441 0.002833 0.283056 0.364417 0.000481
899     0.681977 0.007825 0.002897 0.218658 0.449688 0.001117
900     0.767713 0.014662 0.005611 0.332345 0.411961 0.000645
901     0.672676 0.010266 0.003290 0.252946 0.403915 0.000477
902     0.637522 0.010520 0.003985 0.253869 0.366129 0.000512
903     0.687977 0.008507 0.003371 0.309597 0.364453 0.000941
904     0.838892 0.014714 0.006637 0.327332 0.487055 0.000788
905     0.720450 0.012125 0.003289 0.292599 0.410465 0.000454
906     0.735940 0.009480 0.003285 0.295171 0.425567 0.000550
907     0.685459 0.009441 0.004474 0.305391 0.363560 0.000809
908     0.634938 0.009931 0.004514 0.273579 0.343689 0.000467
909     0.592799 0.007875 0.003404 0.264330 0.315240 0.000660
910     0.687749 0.008720 0.004817 0.326766 0.345189 0.000434
911     0.701180 0.008580 0.003024 0.293934 0.393474 0.000821
912     0.669800 0.007923 0.002634 0.254473 0.402081 0.000788
913     0.715770 0.011391 0.004195 0.299651 0.396900 0.000666
914     0.737668 0.010456 0.004249 0.309552 0.410322 0.000689
915     0.830526 0.010342 0.004333 0.288271 0.525629 0.000538
916     0.706029 0.010533 0.003600 0.318890 0.370571 0.000603
917     0.703021 0.009300 0.004118 0.260645 0.426150 0.001004
918     0.760299 0.013424 0.005225 0.296788 0.441708 0.000629
919     0.736776 0.011333 0.004586 0.274944 0.442587 0.000827
920     0.728052 0.012565 0.003776 0.305689 0.401849 0.000813
921     0.801275 0.011489 0.003864 0.367253 0.416624 0.000502
922     0.750592 0.020180 0.003703 0.286841 0.437907 0.000431
923     0.680154 0.008317 0.002819 0.248048 0.419187 0.000460
924     0.690834 0.009840 0.003001 0.303420 0.372077 0.000553
925     0.660410 0.009924 0.003089 0.295011 0.350320 0.000512
926     0.590448 0.011036 0.003056 0.247383 0.326893 0.000481
927     0.649255 0.009009 0.003468 0.286744 0.348317 0.000704
928     0.672211 0.010462 0.005399 0.264510 0.389146 0.000575
929     0.683408 0.010041 0.004412 0.256184 0.410278 0.000529
930     0.686808 0.010113 0.007011 0.238233 0.428059 0.000625
931     0.704038 0.010839 0.007809 0.265176 0.416205 0.000958
932     0.691079 0.015072 0.004718 0.321842 0.346682 0.000487
933     0.692658 0.012680 0.004717 0.331551 0.341618 0.000582
934     0.725499 0.008108 0.003613 0.271298 0.439916 0.000811
935     0.660293 0.016870 0.008750 0.275920 0.354365 0.000720
936     0.737842 0.012546 0.004619 0.329445 0.388369 0.000610
937     0.630184 0.013452 0.004895 0.285603 0.322765 0.000674
938     0.597754 0.008823 0.003275 0.231381 0.352224 0.000484
939     0.630202 0.010559 0.003133 0.212869 0.401662 0.000865
940     0.718037 0.013999 0.003466 0.316679 0.380571 0.000519
941     0.591667 0.011136 0.004615 0.259471 0.313840 0.000575
942     0.625986 0.010288 0.004149 0.266130 0.343341 0.000522
943     0.629119 0.010900 0.003376 0.268323 0.344436 0.000487
944     0.558131 0.008859 0.002874 0.220628 0.323479 0.000918
945     0.581725 0.010404 0.004851 0.247946 0.316525 0.000505
946     0.629904 0.009723 0.003116 0.239324 0.375143 0.000895
947     0.825972 0.014477 0.005659 0.363407 0.439515 0.000898
948     0.722683 0.013751 0.005316 0.279615 0.420887 0.000746
949     0.690964 0.010869 0.006464 0.262099 0.407955 0.000685
950     0.919837 0.012456 0.003817 0.401187 0.499604 0.000821
951     0.770992 0.010353 0.003583 0.298441 0.456169 0.000997
952     0.730852 0.014473 0.004048 0.314919 0.394268 0.000884
953     0.721448 0.008607 0.002808 0.292545 0.415425 0.000539
954     0.747314 0.011479 0.003239 0.267903 0.462078 0.000923
955     0.748480 0.011133 0.004648 0.262898 0.466999 0.000528
956     0.725007 0.010338 0.002962 0.270489 0.438952 0.000604
957     0.735924 0.011072 0.003244 0.293166 0.425469 0.001213
958     0.732988 0.011510 0.004790 0.282566 0.431483 0.000525
959     0.811094 0.014622 0.006395 0.269258 0.517432 0.000480
960     0.767725 0.010983 0.002569 0.302429 0.447388 0.000736
961     0.889771 0.012715 0.005035 0.357364 0.511829 0.000690
962     0.814064 0.015248 0.004513 0.362938 0.428265 0.000488
963     0.680193 0.011130 0.005487 0.251934 0.409349 0.000824
964     0.803422 0.010866 0.005182 0.321011 0.463187 0.000643
965     0.835567 0.009919 0.004690 0.325051 0.493540 0.000451
966     0.829813 0.009920 0.003256 0.338888 0.474707 0.000793
967     0.793935 0.012595 0.004810 0.273253 0.500234 0.000758
968     1.011562 0.010844 0.006996 0.306445 0.684889 0.000859
969     0.683582 0.012177 0.005217 0.253567 0.409868 0.000746
970     0.871175 0.010740 0.004898 0.408695 0.443559 0.000954
971     0.822365 0.009841 0.003666 0.318351 0.487408 0.000813
972     0.835348 0.014220 0.004940 0.309151 0.498688 0.004539
973     0.882037 0.011139 0.006059 0.328079 0.533673 0.000541
974     0.818369 0.013084 0.004880 0.332312 0.464629 0.000852
975     0.794079 0.012184 0.004046 0.318593 0.457000 0.000751
976     0.805373 0.012409 0.004492 0.316389 0.468548 0.000941
977     0.739105 0.012905 0.005156 0.268342 0.449371 0.000788
978     0.702425 0.014668 0.005128 0.319216 0.360618 0.000443
979     0.678547 0.009378 0.002859 0.275372 0.388847 0.000619
980     0.678737 0.010793 0.005075 0.253936 0.406070 0.000803
981     0.658087 0.009554 0.005060 0.249783 0.391690 0.000660
982     0.626876 0.010983 0.005414 0.244042 0.363597 0.000535
983     0.662690 0.008034 0.003056 0.242105 0.406182 0.001242
984     0.688673 0.009555 0.003212 0.271970 0.401383 0.000732
985     0.688174 0.007541 0.011923 0.270970 0.395309 0.000629
986     0.607711 0.011009 0.003989 0.229725 0.360352 0.000467
987     0.698476 0.009255 0.002781 0.253731 0.430964 0.000725
988     0.700242 0.009457 0.003726 0.272400 0.412373 0.000459
989     0.857859 0.009448 0.003401 0.343648 0.499116 0.000477
990     0.685105 0.009997 0.003292 0.268454 0.400247 0.000805
991     0.716016 0.008387 0.003782 0.260316 0.441390 0.000624
992     0.640195 0.011908 0.003012 0.229115 0.392816 0.000609
993     0.742408 0.012062 0.005033 0.284675 0.438961 0.000646
994     0.831159 0.012230 0.003330 0.315472 0.496976 0.000569
995     0.771096 0.012010 0.003953 0.325523 0.427282 0.000577
996     0.775401 0.014727 0.004562 0.316951 0.434942 0.000835
997     0.778585 0.010048 0.005109 0.291951 0.468107 0.000727
998     0.712620 0.011238 0.003430 0.280452 0.415154 0.000446
999     0.780576 0.012779 0.005496 0.320570 0.438926 0.001150
1000     0.949713 0.011422 0.005187 0.490871 0.438860 0.001210
1001     0.798913 0.013552 0.005418 0.320373 0.456375 0.000761
1002     0.849885 0.011123 0.004272 0.315009 0.516291 0.000872
1003     0.800590 0.012392 0.004848 0.272464 0.507609 0.000846
1004     0.855669 0.012867 0.005275 0.313765 0.520424 0.000844
1005     0.906751 0.014025 0.005912 0.340999 0.543811 0.000502
1006     0.871175 0.009469 0.003592 0.289305 0.566263 0.000638
1007     0.725377 0.013012 0.003541 0.294307 0.410670 0.000675
1008     0.738687 0.013874 0.003086 0.278490 0.439149 0.000777
1009     0.715269 0.010264 0.004696 0.260222 0.436963 0.001050
1010     0.716971 0.010362 0.004399 0.268467 0.430448 0.000860
1011     0.815877 0.012964 0.004708 0.322977 0.472742 0.000554
1012     0.798774 0.008082 0.004640 0.310068 0.473917 0.000452
1013     0.804690 0.011177 0.002861 0.246306 0.541667 0.001290
1014     0.896644 0.009635 0.002942 0.326095 0.554916 0.000606
1015     1.019063 0.010396 0.003316 0.459326 0.542743 0.000981
1016     0.862841 0.013410 0.005764 0.379433 0.460993 0.000832
1017     0.933676 0.012448 0.004064 0.334743 0.580155 0.000942
1018     0.885223 0.018398 0.005502 0.312998 0.544656 0.000477
1019     0.935963 0.011964 0.002649 0.409977 0.509450 0.000595
1020     0.749202 0.010451 0.003469 0.240375 0.491528 0.001152
1021     0.895845 0.010108 0.004025 0.295324 0.583456 0.000687
1022     0.735151 0.011064 0.004115 0.282693 0.434892 0.000798
1023     0.738111 0.010504 0.003443 0.292376 0.429888 0.000727
1024     0.701643 0.008509 0.003717 0.234706 0.452357 0.000781
1025     0.722198 0.009820 0.005385 0.252793 0.450779 0.000679
1026     0.842588 0.010278 0.004858 0.274426 0.549514 0.000854
1027     0.923802 0.013656 0.005229 0.419623 0.482259 0.000547
1028     0.732331 0.010675 0.003257 0.250920 0.465319 0.000675
1029     0.754732 0.010844 0.004900 0.256208 0.480972 0.000644
1030     0.733049 0.014768 0.003606 0.301579 0.410283 0.000448
1031     0.677979 0.009831 0.004367 0.196279 0.465106 0.000770
1032     0.720391 0.013163 0.004390 0.263321 0.435712 0.000707
1033     0.777282 0.010451 0.003853 0.232277 0.527405 0.000889
1034     0.954872 0.012695 0.005360 0.331962 0.602242 0.000777
1035     0.747931 0.010806 0.004665 0.269624 0.460884 0.000499
1036     0.869503 0.009961 0.005623 0.283779 0.566335 0.000904
1037     0.724089 0.014354 0.006466 0.302189 0.397082 0.000563
1038     0.765674 0.008063 0.003255 0.257278 0.494298 0.001231
1039     0.815964 0.010100 0.003209 0.272412 0.526470 0.001097
1040     0.803828 0.011001 0.004838 0.340173 0.445119 0.000799
1041     0.848636 0.014092 0.005464 0.292173 0.534357 0.000649
1042     0.812947 0.010432 0.003339 0.304177 0.491958 0.000501
1043     0.844955 0.009005 0.004602 0.323249 0.504456 0.000798
1044     0.755093 0.012303 0.004935 0.309138 0.424384 0.000644
1045     0.749515 0.009467 0.003701 0.302088 0.431491 0.000550
1046     0.737112 0.007676 0.003690 0.276831 0.446688 0.000830
1047     0.671584 0.010741 0.003557 0.239943 0.415021 0.000961
1048     0.680154 0.009311 0.003167 0.242624 0.422687 0.000665
1049     0.752079 0.010090 0.004186 0.275603 0.459664 0.000741
1050     0.723456 0.010267 0.004157 0.299922 0.405484 0.001009
1051     0.740242 0.011542 0.004995 0.289546 0.430861 0.000898
1052     0.722133 0.011257 0.005283 0.258236 0.444709 0.000611
1053     0.716747 0.011234 0.003906 0.291850 0.407512 0.000583
1054     0.703308 0.007984 0.003032 0.265037 0.424498 0.000750
1055     0.841043 0.012470 0.004882 0.368513 0.452468 0.000759
1056     0.874839 0.010619 0.004404 0.379881 0.476519 0.000907
1057     0.814263 0.011655 0.004569 0.274556 0.519815 0.001142
1058     0.779093 0.011268 0.005106 0.277106 0.483064 0.000700
1059     0.760735 0.014658 0.004118 0.274274 0.465365 0.000844
1060     0.779809 0.014725 0.004110 0.266656 0.490930 0.001077
1061     0.787732 0.013728 0.005165 0.351892 0.413705 0.000724
1062     0.755997 0.015016 0.004218 0.280052 0.453351 0.001064
1063     0.675245 0.012971 0.005975 0.245727 0.407975 0.000710
1064     0.793596 0.013908 0.005167 0.298253 0.472310 0.000697
1065     0.735815 0.009624 0.005042 0.268098 0.450865 0.000939
1066     0.884481 0.013071 0.004543 0.398237 0.465518 0.000549
1067     0.692193 0.012532 0.003273 0.270391 0.403760 0.000540
1068     0.784053 0.009985 0.003165 0.287347 0.479445 0.000907
1069     0.972283 0.011080 0.007902 0.419579 0.530455 0.000576
1070     0.979385 0.008960 0.002965 0.478547 0.486409 0.000773
1071     0.715469 0.008778 0.004193 0.254448 0.445342 0.000993
1072     0.903542 0.012848 0.006202 0.330545 0.551042 0.000906
1073     0.797947 0.011493 0.006060 0.332324 0.445014 0.000518
1074     0.755070 0.009705 0.005515 0.329312 0.406828 0.001246
1075     0.858087 0.010543 0.004970 0.327879 0.511383 0.000857
1076     0.714401 0.009397 0.004207 0.272484 0.424973 0.000831
1077     0.682810 0.010310 0.004371 0.256134 0.410200 0.000656
1078     0.654303 0.007898 0.003002 0.235807 0.404458 0.000926
1079     0.710147 0.012802 0.003347 0.256709 0.434927 0.000569
1080     1.097736 0.008671 0.003618 0.295410 0.787169 0.000574
1081     1.184388 0.011355 0.004212 0.421417 0.744945 0.000479
1082     0.971177 0.013336 0.003466 0.381023 0.570731 0.000629
1083     0.864602 0.009534 0.005071 0.340146 0.507738 0.000609
1084     0.983366 0.009424 0.003686 0.387818 0.579899 0.000757
1085     0.743352 0.010728 0.004052 0.257885 0.467187 0.000978
1086     0.899937 0.011367 0.004978 0.321142 0.559066 0.000740
1087     0.751040 0.011011 0.003951 0.257094 0.475919 0.000640
1088     0.853454 0.009415 0.003669 0.400941 0.437062 0.000488
1089     0.615350 0.009976 0.002479 0.244042 0.357407 0.000519
1090     0.590726 0.008219 0.002710 0.200309 0.377467 0.000675
1091     0.659214 0.008940 0.003235 0.217288 0.427776 0.000502
1092     0.599228 0.008947 0.003270 0.193461 0.390963 0.000476
1093     0.625766 0.007485 0.003551 0.241840 0.371054 0.000488
1094     0.835474 0.012052 0.002677 0.287456 0.530342 0.000731
1095     1.272541 0.011021 0.006000 0.634896 0.618599 0.000739
1096     0.874511 0.008476 0.002902 0.414443 0.446568 0.000463
1097     0.903644 0.013925 0.003350 0.335448 0.547899 0.000533
1098     0.764513 0.011329 0.006176 0.270161 0.474198 0.000972
1099     0.860284 0.015654 0.004801 0.385777 0.450758 0.001060
1100     0.850198 0.010759 0.005837 0.334181 0.496391 0.000630
1101     0.686098 0.009437 0.003553 0.266878 0.403766 0.000688
1102     0.591086 0.009120 0.003120 0.193878 0.382660 0.000842
1103     0.646179 0.009024 0.003015 0.247607 0.383717 0.001010
1104     0.750545 0.012237 0.004869 0.261890 0.467070 0.000497
1105     0.970733 0.011636 0.008102 0.433078 0.514856 0.000493
1106     0.959774 0.013155 0.006080 0.424695 0.513103 0.000775
1107     0.934931 0.008602 0.005161 0.353534 0.565287 0.000528
1108     0.710745 0.010898 0.002797 0.287060 0.407144 0.000646
1109     0.741623 0.013266 0.003677 0.282169 0.439516 0.000651
1110     0.780245 0.012587 0.009892 0.306406 0.448755 0.000632
1111     0.763767 0.009900 0.004606 0.271421 0.474990 0.000597
1112     0.729883 0.012742 0.003315 0.260030 0.451231 0.000871
1113     0.803046 0.012970 0.005782 0.339235 0.442564 0.000694
1114     0.718078 0.008604 0.003588 0.262850 0.441085 0.000001
1115     0.678028 0.009122 0.002960 0.278673 0.382435 0.000535
1116     0.696383 0.010897 0.003179 0.270595 0.408972 0.000549
1117     0.718054 0.009567 0.002949 0.296215 0.406838 0.000532
1118     0.720449 0.009605 0.002841 0.288407 0.417049 0.000931
1119     0.734471 0.013058 0.003529 0.287179 0.428567 0.000505
1120     0.674399 0.008924 0.002979 0.228385 0.431904 0.000779
1121     0.700704 0.010104 0.004082 0.282049 0.401564 0.000880
1122     0.697384 0.010804 0.005246 0.266739 0.411153 0.000813
1123     0.763017 0.008962 0.003720 0.298231 0.448787 0.000896
1124     0.845623 0.015990 0.004657 0.316365 0.504309 0.000781
1125     0.915471 0.010033 0.004850 0.396761 0.501686 0.000778
1126     0.737421 0.011738 0.004345 0.286492 0.431542 0.000689
1127     0.713409 0.015987 0.005584 0.289909 0.394188 0.005354
1128     0.801334 0.014005 0.003172 0.274867 0.505231 0.000830
1129     0.887042 0.012298 0.005066 0.331338 0.535022 0.000751
1130     0.791320 0.015179 0.004603 0.316425 0.451918 0.000818
1131     0.924217 0.013096 0.003510 0.317222 0.588154 0.000702
1132     0.827483 0.014180 0.005989 0.277911 0.526896 0.000530
1133     0.814352 0.013750 0.003391 0.322079 0.470962 0.000705
1134     0.836851 0.011389 0.003719 0.302650 0.515398 0.001007
1135     0.886446 0.013563 0.004179 0.351508 0.514404 0.000503
1136     0.803805 0.010576 0.003264 0.304244 0.482655 0.000505
1137     0.698307 0.009280 0.003537 0.223144 0.460372 0.000763
1138     0.679393 0.009463 0.005176 0.266067 0.396143 0.000527
1139     0.780666 0.010543 0.003574 0.342676 0.420933 0.000483
1140     0.856269 0.008284 0.003580 0.347850 0.493852 0.000640
1141     0.748644 0.012760 0.003346 0.268536 0.460723 0.000667
1142     0.683099 0.010236 0.004130 0.261559 0.404852 0.000505
1143     0.733961 0.010054 0.003110 0.322690 0.396358 0.000609
1144     0.800813 0.016721 0.005160 0.319830 0.455281 0.000911
1145     0.841732 0.013823 0.004528 0.330049 0.489925 0.000768
1146     0.737842 0.011045 0.006332 0.275125 0.443043 0.000529
1147     0.663123 0.007820 0.003002 0.241842 0.408147 0.000640
1148     0.696817 0.008925 0.003726 0.256852 0.423441 0.000849
1149     0.756812 0.014533 0.005259 0.305167 0.429372 0.000981
1150     0.795205 0.010910 0.004694 0.311685 0.465009 0.000684
1151     0.718648 0.008769 0.003520 0.236854 0.465931 0.000862
1152     0.713305 0.009109 0.003938 0.251902 0.445484 0.000681
1153     0.765002 0.009812 0.003959 0.307334 0.440867 0.000579
1154     0.721102 0.009289 0.004369 0.276051 0.429181 0.000627
1155     0.708372 0.008195 0.002848 0.276500 0.418666 0.000958
1156     0.805636 0.011978 0.004614 0.246392 0.540006 0.000583
1157     0.729674 0.015297 0.005429 0.282731 0.423339 0.000536
1158     0.859219 0.010433 0.003908 0.312049 0.530106 0.000591
1159     0.769644 0.011471 0.004665 0.268729 0.481938 0.000623
1160     0.820276 0.012174 0.005044 0.301534 0.499247 0.000786
1161     0.841615 0.012360 0.005691 0.322800 0.498305 0.000815
1162     0.722408 0.011175 0.005263 0.247263 0.455714 0.000671
1163     0.805318 0.009825 0.002912 0.268755 0.521145 0.000956
1164     0.838083 0.008548 0.003364 0.340679 0.482150 0.000819
1165     0.847804 0.013729 0.003123 0.272062 0.555614 0.001018
1166     0.754735 0.013287 0.005574 0.281942 0.450539 0.000644
1167     0.719831 0.011819 0.006049 0.255012 0.445189 0.000574
1168     0.861809 0.009130 0.003445 0.342129 0.503763 0.001066
1169     0.718990 0.013314 0.005063 0.227966 0.469952 0.001068
1170     0.657820 0.011162 0.004829 0.238953 0.400091 0.000680
1171     0.742740 0.012395 0.004548 0.256297 0.466462 0.000969
1172     0.710490 0.010729 0.004376 0.289113 0.403172 0.000499
1173     0.826647 0.009378 0.002677 0.274314 0.538206 0.001017
1174     0.820121 0.011507 0.006305 0.332409 0.466862 0.000880
1175     0.784436 0.008947 0.004021 0.270161 0.497801 0.001117
1176     0.811672 0.013172 0.003256 0.240698 0.550741 0.000958
1177     0.777312 0.011475 0.004515 0.273164 0.484786 0.000852
1178     0.716945 0.011263 0.004356 0.275326 0.424057 0.000536
1179     0.716509 0.008523 0.003947 0.236558 0.465565 0.000745
1180     0.815040 0.014677 0.006225 0.272336 0.518054 0.000910
1181     0.966069 0.016727 0.004659 0.451649 0.489496 0.000556
1182     0.741407 0.014762 0.006062 0.301405 0.417108 0.000570
1183     0.718309 0.009639 0.002748 0.268604 0.434671 0.000971
1184     0.792166 0.011130 0.003219 0.262162 0.513366 0.000519
1185     0.905765 0.011679 0.003033 0.279294 0.609886 0.000824
1186     0.954771 0.014716 0.009281 0.402695 0.524438 0.001071
1187     0.891479 0.012140 0.005527 0.378297 0.492984 0.000563
1188     0.744482 0.010363 0.006099 0.313707 0.410375 0.000491
1189     0.660627 0.010585 0.002603 0.218078 0.427275 0.000576
1190     0.821667 0.009276 0.003855 0.321539 0.484475 0.000878
1191     0.773782 0.012356 0.004554 0.294935 0.459715 0.000529
1192     0.731194 0.007123 0.002695 0.308573 0.410942 0.000582
1193     0.731918 0.006988 0.003061 0.247466 0.471265 0.000666
1194     0.820879 0.012082 0.003315 0.254152 0.547925 0.000530
1195     0.884894 0.013404 0.004662 0.349709 0.514614 0.000541
1196     0.742904 0.008468 0.003201 0.288038 0.440860 0.000670
1197     0.700012 0.008123 0.002949 0.206745 0.480156 0.001071
1198     0.881859 0.008911 0.003564 0.265425 0.600530 0.000882
1199     0.861349 0.009281 0.004601 0.292066 0.552859 0.000513
1200     0.984884 0.006446 0.003657 0.454760 0.517184 0.001151
1201     0.887712 0.011771 0.004466 0.312088 0.556683 0.000566
1202     0.826270 0.011303 0.004466 0.339994 0.467432 0.000645
1203     0.722955 0.008465 0.003192 0.282852 0.426805 0.000564
1204     0.733823 0.010950 0.003132 0.257241 0.459539 0.000618
1205     0.705982 0.009244 0.003114 0.232376 0.458819 0.000602
1206     0.826083 0.013446 0.003125 0.297665 0.510356 0.000526
1207     0.751235 0.005721 0.006808 0.224935 0.511280 0.000741
1208     0.830603 0.010038 0.004395 0.264612 0.548014 0.000611
1209     0.779474 0.008215 0.004747 0.278040 0.486271 0.001110
1210     0.806579 0.011789 0.003122 0.264910 0.523584 0.000830
1211     0.863670 0.015893 0.005495 0.264492 0.573472 0.000848
1212     0.774483 0.012508 0.004769 0.308027 0.445476 0.000839
1213     0.737514 0.009236 0.003116 0.230734 0.491754 0.000778
1214     0.829948 0.011753 0.004218 0.301090 0.509876 0.000736
1215     0.773175 0.010896 0.003967 0.263628 0.492772 0.000568
1216     0.851284 0.008345 0.002864 0.290545 0.547187 0.000857
1217     0.787918 0.011667 0.003701 0.254000 0.515759 0.000875
1218     0.743761 0.010063 0.004227 0.272912 0.453757 0.000572
1219     0.674810 0.008438 0.002879 0.240498 0.420090 0.000657
1220     0.809148 0.013661 0.005599 0.289271 0.497933 0.000608
1221     0.759232 0.009940 0.004899 0.226407 0.515939 0.000997
1222     0.830405 0.009362 0.003212 0.309077 0.506733 0.000537
1223     0.731962 0.011436 0.003836 0.264956 0.447726 0.000900
1224     0.750018 0.012936 0.004860 0.284024 0.445311 0.000676
1225     0.718770 0.011498 0.007472 0.289184 0.406718 0.000607
1226     0.780182 0.008442 0.002807 0.261908 0.504771 0.000595
1227     0.823095 0.015423 0.004065 0.293635 0.507843 0.000551
1228     0.819498 0.010470 0.005422 0.277376 0.523243 0.001000
1229     0.907153 0.013210 0.005429 0.307914 0.578063 0.000469
1230     0.721106 0.012823 0.002601 0.283450 0.420223 0.000588
1231     0.774022 0.007587 0.002941 0.269370 0.491473 0.001189
1232     0.825779 0.017431 0.003247 0.289412 0.512209 0.001104
1233     0.811924 0.009918 0.006629 0.254598 0.537548 0.000986
1234     0.792259 0.009764 0.005169 0.265896 0.508993 0.000748
1235     0.820856 0.012557 0.003074 0.251888 0.550857 0.000725
1236     0.777891 0.011367 0.002998 0.269156 0.491336 0.000843
1237     0.795428 0.009308 0.004989 0.265740 0.511490 0.000856
1238     0.702094 0.012275 0.003795 0.239997 0.443178 0.000591
1239     0.894232 0.008183 0.003122 0.288380 0.592299 0.000966
1240     0.775563 0.014352 0.003762 0.267797 0.486772 0.000550
1241     0.778325 0.011078 0.002780 0.285611 0.476390 0.001227
1242     0.780217 0.009938 0.004397 0.281376 0.481949 0.000746
1243     0.697795 0.010170 0.003620 0.251456 0.428929 0.001217
1244     0.787464 0.011688 0.004574 0.255660 0.512313 0.000760
1245     0.873940 0.010219 0.004355 0.347243 0.510238 0.000534
1246     0.827585 0.008804 0.002999 0.255819 0.557229 0.000701
1247     0.880185 0.011908 0.003578 0.329477 0.532692 0.000546
1248     0.949177 0.010672 0.006069 0.301137 0.627281 0.000550
1249     0.882728 0.014123 0.003727 0.304437 0.557779 0.000851
1250     0.852153 0.013272 0.005285 0.322251 0.507996 0.000586
1251     0.906057 0.012001 0.002759 0.307133 0.582287 0.000855
1252     0.868783 0.011594 0.004466 0.323857 0.525801 0.000760
1253     0.810033 0.011923 0.004329 0.284319 0.505773 0.000821
1254     0.818833 0.008964 0.007030 0.331918 0.468450 0.000629
1255     0.785726 0.017072 0.003316 0.288334 0.474369 0.000818
1256     0.762945 0.012270 0.005004 0.287524 0.454479 0.000845
1257     0.741900 0.008765 0.004371 0.302527 0.424449 0.000634
1258     0.677061 0.011181 0.003036 0.235263 0.425257 0.000563
1259     0.675078 0.009526 0.003001 0.292162 0.367408 0.000681
1260     0.760199 0.011428 0.004936 0.298433 0.441265 0.000697
1261     0.682818 0.009921 0.003063 0.280783 0.386619 0.000560
1262     0.705736 0.010256 0.003055 0.280270 0.409897 0.000681
1263     0.735883 0.014601 0.002930 0.296085 0.420791 0.001022
1264     0.937825 0.012991 0.005618 0.371629 0.544362 0.000896
1265     0.904190 0.014568 0.005782 0.357706 0.522403 0.000893
1266     0.952897 0.010523 0.007182 0.372214 0.559631 0.000574
1267     0.919006 0.009630 0.003516 0.340426 0.562969 0.000966
1268     0.907205 0.010866 0.006351 0.339797 0.547496 0.000904
1269     0.762169 0.010819 0.005316 0.246952 0.496656 0.000811
1270     0.794119 0.010509 0.005664 0.268203 0.506229 0.000871
1271     0.729836 0.010828 0.004144 0.264303 0.448181 0.000554
1272     0.742341 0.008935 0.003011 0.244861 0.482834 0.000645
1273     0.809724 0.008453 0.003152 0.319032 0.476039 0.000757
1274     0.785220 0.011113 0.003771 0.292704 0.475351 0.000719
1275     0.785733 0.009653 0.003489 0.255006 0.515032 0.001395
1276     0.849007 0.014435 0.007531 0.281474 0.542302 0.000709
1277     0.768332 0.009483 0.002978 0.292128 0.461197 0.000811
1278     0.763226 0.009636 0.004540 0.239563 0.506949 0.000605
1279     0.791211 0.008989 0.003108 0.269106 0.507257 0.001076
1280     0.744178 0.010745 0.002942 0.246394 0.480546 0.000641
1281     0.729172 0.011205 0.003171 0.276981 0.435931 0.000639
1282     0.897098 0.009196 0.003346 0.297814 0.584605 0.000572
1283     0.830017 0.012267 0.003223 0.334860 0.476312 0.000898
1284     0.881425 0.014010 0.005977 0.299329 0.558403 0.000609
1285     0.796090 0.014494 0.002971 0.272964 0.503461 0.000658
1286     0.837071 0.009929 0.003179 0.365450 0.455702 0.000596
1287     0.755128 0.010241 0.003263 0.263160 0.476568 0.000627
1288     0.793814 0.010142 0.003008 0.272304 0.505927 0.000544
1289     0.943805 0.010874 0.002717 0.353961 0.573968 0.000779
1290     0.841302 0.012403 0.004037 0.282778 0.538472 0.001053
1291     0.786794 0.012810 0.003164 0.279991 0.487911 0.001302
1292     0.794058 0.011088 0.004890 0.251963 0.523416 0.000591
1293     0.762675 0.011185 0.004310 0.266561 0.478121 0.000725
1294     0.802700 0.009150 0.004249 0.281392 0.505579 0.000564
1295     0.969326 0.009530 0.005025 0.452429 0.499447 0.001044
1296     0.897606 0.011265 0.003203 0.331044 0.548253 0.000619
1297     0.832110 0.010040 0.002696 0.248748 0.568070 0.001064
1298     1.084325 0.012609 0.004984 0.551455 0.511935 0.000957
1299     0.911127 0.009300 0.003406 0.296190 0.600204 0.000585
1300     0.867726 0.007858 0.004159 0.275438 0.578072 0.000677
1301     0.792250 0.009006 0.003979 0.283274 0.493386 0.000660
1302     1.039973 0.013658 0.003297 0.481176 0.538897 0.000590
1303     0.827400 0.009423 0.003344 0.320910 0.490609 0.000861
1304     0.791400 0.014430 0.005050 0.303113 0.465858 0.000504
1305     0.826335 0.008792 0.002608 0.295386 0.516764 0.001161
1306     0.836666 0.015213 0.003986 0.259491 0.554563 0.000556
1307     0.805435 0.011604 0.004589 0.300700 0.485784 0.000585
1308     0.759118 0.010819 0.003372 0.293012 0.449027 0.000681
1309     0.710435 0.007950 0.003769 0.228953 0.467100 0.000927
1310     0.766191 0.010480 0.005336 0.243842 0.502580 0.000978
1311     0.748614 0.014304 0.004598 0.289707 0.437683 0.000587
1312     0.735150 0.008630 0.002970 0.250591 0.470431 0.000910
1313     0.811189 0.011974 0.004154 0.261402 0.530597 0.000563
1314     0.748718 0.012010 0.004969 0.264887 0.463879 0.000623
1315     0.763870 0.009446 0.003779 0.251412 0.496787 0.001001
1316     0.661090 0.013357 0.003207 0.223786 0.417521 0.000599
1317     0.696187 0.009896 0.003244 0.247643 0.433163 0.000974
1318     0.773178 0.016896 0.002947 0.296879 0.453026 0.001123
1319     0.779496 0.016139 0.004985 0.298651 0.456379 0.000903
1320     0.839522 0.009094 0.003053 0.268868 0.553883 0.000682
1321     0.866279 0.010815 0.003507 0.281424 0.566737 0.000976
1322     0.998175 0.013768 0.004192 0.499668 0.478132 0.000649
1323     0.834179 0.011713 0.004556 0.274815 0.540922 0.000954
1324     0.696433 0.012767 0.006301 0.248196 0.425572 0.000574
1325     0.710719 0.011659 0.004699 0.261633 0.429699 0.000638
1326     0.907159 0.011337 0.003138 0.303346 0.586927 0.000798
1327     0.848434 0.012230 0.004302 0.272375 0.556556 0.000802
1328     0.866448 0.009120 0.003102 0.279959 0.571459 0.000892
1329     0.860179 0.015057 0.005275 0.326786 0.510527 0.001091
1330     0.858910 0.010814 0.004966 0.330255 0.509908 0.000596
1331     0.934040 0.009084 0.003260 0.287332 0.631604 0.000519
1332     0.885354 0.009088 0.003213 0.265717 0.602473 0.000536
1333     0.856831 0.010652 0.003659 0.315175 0.523577 0.001185
1334     0.764074 0.011531 0.004376 0.281082 0.463710 0.001010
1335     1.047040 0.016339 0.005386 0.404592 0.618019 0.000954
1336     0.924792 0.014054 0.004816 0.333142 0.569153 0.000940
1337     0.913156 0.014688 0.005612 0.381096 0.509309 0.000870
1338     0.868719 0.009841 0.004892 0.343931 0.506431 0.001052
1339     0.872261 0.010785 0.005050 0.316393 0.538764 0.000517
