1     1.919081 0.350815 0.003560 0.000000 0.000008 0.000256
2     0.370312 0.367270 0.001364 0.000000 0.000011 0.000113
3     0.357207 0.353142 0.001326 0.000000 0.000012 0.000134
4     0.332528 0.328948 0.001288 0.000000 0.000012 0.000123
5     0.328109 0.324169 0.001086 0.000000 0.000012 0.000164
6     0.301331 0.297428 0.001102 0.000000 0.000009 0.000120
7     0.308290 0.304611 0.001102 0.000000 0.000012 0.000127
8     0.333482 0.329632 0.001060 0.000000 0.000013 0.000143
9     0.288677 0.286123 0.001060 0.000000 0.000012 0.000117
10     0.334214 0.331377 0.000887 0.000000 0.000006 0.000102
11     0.274846 0.271825 0.001325 0.000000 0.000006 0.000105
12     0.280259 0.276515 0.001016 0.000000 0.000008 0.000106
13     0.264569 0.260039 0.001166 0.000000 0.000009 0.000120
14     0.269258 0.264908 0.001287 0.000000 0.000013 0.000195
15     0.285818 0.281809 0.002072 0.000000 0.000011 0.000110
16     0.314319 0.309183 0.001945 0.000000 0.000008 0.000098
17     0.270779 0.267373 0.001104 0.000000 0.000006 0.000108
18     0.278494 0.274854 0.001092 0.000000 0.000008 0.000109
19     0.283126 0.279877 0.001245 0.000000 0.000007 0.000096
20     0.218022 0.214708 0.000792 0.000000 0.000012 0.000147
21     0.254370 0.252404 0.001002 0.000000 0.000007 0.000072
22     0.236361 0.233924 0.000961 0.000000 0.000008 0.000121
23     0.318498 0.315448 0.001300 0.000000 0.000012 0.000114
24     0.343873 0.338890 0.001112 0.000000 0.000006 0.000101
25     0.281059 0.277858 0.000996 0.000000 0.000006 0.000074
26     0.229644 0.226774 0.001149 0.000000 0.000006 0.000089
27     0.260518 0.257842 0.001358 0.000000 0.000010 0.000092
28     0.244619 0.238671 0.001489 0.000000 0.000008 0.000127
29     0.287843 0.284526 0.001278 0.000000 0.000006 0.000079
30     0.272618 0.269939 0.001062 0.000000 0.000012 0.000129
31     0.305886 0.302050 0.001229 0.000000 0.000012 0.000113
32     0.261949 0.258543 0.001028 0.000000 0.000008 0.000107
33     0.274574 0.272410 0.001048 0.000000 0.000009 0.000090
34     0.268854 0.265105 0.001200 0.000000 0.000013 0.000111
35     0.238309 0.235551 0.000946 0.000000 0.000007 0.000081
36     0.285897 0.282857 0.000912 0.000000 0.000007 0.000086
37     0.251262 0.247942 0.001069 0.000000 0.000010 0.000088
38     0.264397 0.261215 0.000934 0.000000 0.000006 0.000094
39     0.235522 0.233527 0.000777 0.000000 0.000008 0.000082
40     0.256593 0.253388 0.000862 0.000000 0.000012 0.000117
41     0.261851 0.258967 0.000991 0.000000 0.000012 0.000112
42     0.274745 0.272159 0.000930 0.000000 0.000006 0.000090
43     0.259580 0.257061 0.001011 0.000000 0.000006 0.000071
44     0.231690 0.228099 0.001074 0.000000 0.000009 0.000103
45     0.272169 0.269775 0.001093 0.000000 0.000012 0.000119
46     0.232388 0.228741 0.001104 0.000000 0.000012 0.000129
47     0.237093 0.232853 0.001097 0.000000 0.000012 0.000116
48     0.286143 0.282106 0.000863 0.000000 0.000006 0.000085
49     0.263986 0.261326 0.001047 0.000000 0.000009 0.000089
50     0.242467 0.239783 0.001094 0.000000 0.000012 0.000109
51     0.279054 0.276024 0.001134 0.000000 0.000012 0.000118
52     0.262696 0.259723 0.001015 0.000000 0.000006 0.000075
53     0.233114 0.230193 0.001087 0.000000 0.000011 0.000120
54     0.292639 0.289353 0.000924 0.000000 0.000006 0.000084
55     0.235584 0.232800 0.000886 0.000000 0.000006 0.000083
56     0.232178 0.227873 0.001560 0.000000 0.000010 0.000106
57     0.202366 0.200222 0.001060 0.000000 0.000012 0.000127
58     0.280003 0.276951 0.000842 0.000000 0.000005 0.000085
59     0.292677 0.289371 0.001153 0.000000 0.000006 0.000089
60     0.300002 0.295496 0.001385 0.000000 0.000012 0.000115
61     0.284990 0.281087 0.000987 0.000000 0.000011 0.000112
62     0.256146 0.253303 0.000846 0.000000 0.000005 0.000110
63     0.261638 0.259660 0.000873 0.000000 0.000007 0.000084
64     0.250511 0.247947 0.000944 0.000000 0.000012 0.000127
65     0.267939 0.265173 0.001084 0.000000 0.000012 0.000125
66     0.266449 0.262956 0.001011 0.000000 0.000012 0.000111
67     0.249222 0.245718 0.000799 0.000000 0.000008 0.000105
68     0.255771 0.251995 0.001023 0.000000 0.000012 0.000134
69     0.315479 0.312872 0.001041 0.000000 0.000012 0.000118
70     0.299862 0.297046 0.000896 0.000000 0.000007 0.000106
71     0.268800 0.265376 0.001015 0.000000 0.000012 0.000130
72     0.304813 0.300211 0.001153 0.000000 0.000009 0.000141
73     0.292693 0.289280 0.001093 0.000000 0.000011 0.000163
74     0.278267 0.275029 0.001123 0.000000 0.000006 0.000138
75     0.249596 0.246963 0.000990 0.000000 0.000011 0.000121
76     0.261695 0.258587 0.001127 0.000000 0.000013 0.000124
77     0.270742 0.266426 0.001351 0.000000 0.000012 0.000127
78     0.289258 0.285785 0.001048 0.000000 0.000013 0.000144
79     0.260861 0.257817 0.000920 0.000000 0.000008 0.000097
80     0.282817 0.279493 0.000857 0.000000 0.000009 0.000100
81     0.291903 0.289707 0.000910 0.000000 0.000012 0.000143
82     0.260911 0.257321 0.000997 0.000000 0.000012 0.000130
83     0.313680 0.309917 0.001182 0.000000 0.000013 0.000149
84     0.312827 0.308467 0.000984 0.000000 0.000011 0.000108
85     0.305771 0.300531 0.001252 0.000000 0.000011 0.000135
86     0.263010 0.259675 0.000861 0.000000 0.000007 0.000112
87     0.253655 0.250360 0.001667 0.000000 0.000012 0.000126
88     0.283395 0.280916 0.000817 0.000000 0.000013 0.000154
89     0.267824 0.264142 0.001083 0.000000 0.000013 0.000133
90     0.295992 0.292548 0.000825 0.000000 0.000006 0.000086
91     0.300790 0.296525 0.001480 0.000000 0.000012 0.000138
92     0.262693 0.259233 0.001141 0.000000 0.000012 0.000139
93     0.247821 0.245304 0.001013 0.000000 0.000012 0.000130
94     0.259260 0.255796 0.000905 0.000000 0.000006 0.000116
95     0.266713 0.262748 0.001375 0.000000 0.000013 0.000156
96     0.287547 0.282951 0.000934 0.000000 0.000012 0.000117
97     0.266766 0.264249 0.000834 0.000000 0.000008 0.000090
98     0.265685 0.262710 0.001144 0.000000 0.000083 0.000143
99     0.266256 0.263271 0.001092 0.000000 0.000013 0.000173
100     0.231053 0.227741 0.001079 0.000000 0.000013 0.000135
101     0.273291 0.270102 0.001118 0.000000 0.000014 0.000112
102     0.266415 0.262982 0.000947 0.000000 0.000006 0.000109
103     0.248677 0.244660 0.001044 0.000000 0.000012 0.000127
104     0.288020 0.284455 0.000947 0.000000 0.000012 0.000122
105     0.230367 0.228186 0.001008 0.000000 0.000012 0.000121
106     0.240643 0.237832 0.001163 0.000000 0.000011 0.000108
107     0.259661 0.256111 0.001181 0.000000 0.000013 0.000150
108     0.265361 0.260440 0.001075 0.000000 0.000013 0.000131
109     0.267604 0.263037 0.001585 0.000000 0.000007 0.000111
110     0.291912 0.287946 0.001255 0.000000 0.000007 0.000129
111     0.233190 0.230920 0.000929 0.000000 0.000011 0.000105
112     0.324261 0.320949 0.000889 0.000000 0.000005 0.000107
113     0.214559 0.211494 0.001082 0.000000 0.000012 0.000134
114     0.230123 0.225744 0.001009 0.000000 0.000012 0.000110
115     0.286503 0.282812 0.001097 0.000000 0.000012 0.000118
116     0.210647 0.207375 0.000750 0.000000 0.000006 0.000095
117     0.216633 0.214726 0.000757 0.000000 0.000012 0.000109
118     0.311065 0.308499 0.000849 0.000000 0.000006 0.000099
119     0.262154 0.259558 0.001136 0.000000 0.000011 0.000129
120     0.291186 0.287204 0.001391 0.000000 0.000013 0.000124
121     0.280280 0.275277 0.001328 0.000000 0.000012 0.000168
122     0.283361 0.279891 0.001616 0.000000 0.000012 0.000132
123     0.236155 0.233820 0.001246 0.000000 0.000012 0.000129
124     0.286213 0.282939 0.000835 0.000000 0.000008 0.000106
125     0.231436 0.227938 0.001007 0.000000 0.000006 0.000071
126     0.220091 0.217362 0.001197 0.000000 0.000012 0.000142
127     0.259260 0.256373 0.000974 0.000000 0.000006 0.000072
128     0.301386 0.297405 0.001146 0.000000 0.000012 0.000128
129     0.280764 0.278363 0.000990 0.000000 0.000007 0.000075
130     0.247589 0.243364 0.001063 0.000000 0.000007 0.000092
131     0.244072 0.240580 0.001092 0.000000 0.000007 0.000075
132     0.270518 0.265782 0.001038 0.000000 0.000007 0.000098
133     0.264159 0.260019 0.001299 0.000000 0.000011 0.000123
134     0.237761 0.234893 0.001208 0.000000 0.000013 0.000147
135     0.290692 0.288177 0.001017 0.000000 0.000007 0.000079
136     0.339074 0.333736 0.002864 0.000000 0.000006 0.000096
137     0.298400 0.295916 0.001428 0.000000 0.000012 0.000142
138     0.276900 0.273464 0.001095 0.000000 0.000013 0.000320
139     0.269792 0.266174 0.001105 0.000000 0.000013 0.000146
140     0.290544 0.286555 0.000898 0.000000 0.000007 0.000075
141     0.278435 0.275547 0.001416 0.000000 0.000014 0.000149
142     0.248067 0.245304 0.000916 0.000000 0.000006 0.000076
143     0.260066 0.257235 0.000908 0.000000 0.000006 0.000089
144     0.315760 0.310862 0.001057 0.000000 0.000011 0.000137
145     0.277272 0.273023 0.001168 0.000000 0.000013 0.000141
146     0.267326 0.262837 0.001106 0.000000 0.000007 0.000085
147     0.320592 0.317609 0.001407 0.000000 0.000010 0.000112
148     0.277314 0.274361 0.001084 0.000000 0.000007 0.000083
149     0.280171 0.277022 0.001055 0.000000 0.000008 0.000083
150     0.308519 0.305363 0.001069 0.000000 0.000010 0.000119
151     0.260013 0.256166 0.000901 0.000000 0.000006 0.000081
152     0.264600 0.261079 0.000990 0.000000 0.000010 0.000115
153     0.328608 0.325995 0.001016 0.000000 0.000007 0.000109
154     0.230761 0.228052 0.001018 0.000000 0.000006 0.000079
155     0.206302 0.204068 0.000865 0.000000 0.000005 0.000061
156     0.199124 0.194148 0.002243 0.000000 0.000046 0.000141
157     0.268628 0.265469 0.001154 0.000000 0.000012 0.000136
158     0.251869 0.248946 0.000998 0.000000 0.000006 0.000087
159     0.293076 0.290345 0.001179 0.000000 0.000013 0.000133
160     0.302931 0.299549 0.001294 0.000000 0.000008 0.000095
161     0.316498 0.313096 0.001081 0.000000 0.000012 0.000137
162     0.294092 0.290448 0.001189 0.000000 0.000014 0.000142
163     0.263485 0.260188 0.001005 0.000000 0.000007 0.000069
164     0.258957 0.255864 0.001209 0.000000 0.000008 0.000114
165     0.230836 0.228716 0.000998 0.000000 0.000006 0.000072
166     0.262734 0.259207 0.000883 0.000000 0.000006 0.000077
167     0.267596 0.264411 0.001033 0.000000 0.000012 0.000106
168     0.279985 0.276719 0.000844 0.000000 0.000006 0.000078
169     0.279498 0.276479 0.001095 0.000000 0.000010 0.000099
170     0.277262 0.274465 0.000911 0.000000 0.000006 0.000081
171     0.233268 0.231173 0.000999 0.000000 0.000013 0.000112
172     0.238345 0.235269 0.000946 0.000000 0.000016 0.000180
173     0.192815 0.190018 0.001159 0.000000 0.000010 0.000102
174     0.252189 0.249684 0.000855 0.000000 0.000006 0.000079
175     0.228287 0.225032 0.001409 0.000000 0.000012 0.000108
176     0.288355 0.285610 0.000938 0.000000 0.000007 0.000116
177     0.251764 0.249552 0.000966 0.000000 0.000013 0.000130
178     0.251123 0.248623 0.000875 0.000000 0.000007 0.000079
179     0.312964 0.310248 0.000675 0.000000 0.000008 0.000087
180     0.244224 0.241226 0.000871 0.000000 0.000007 0.000091
181     0.286610 0.283047 0.001109 0.000000 0.000012 0.000115
182     0.262665 0.259735 0.001125 0.000000 0.000007 0.000092
183     0.263032 0.260508 0.001074 0.000000 0.000013 0.000112
184     0.288389 0.285588 0.000893 0.000000 0.000006 0.000082
185     0.233467 0.229913 0.001097 0.000000 0.000007 0.000075
186     0.267155 0.263050 0.001030 0.000000 0.000012 0.000121
187     0.256501 0.253700 0.000846 0.000000 0.000006 0.000061
188     0.213097 0.209843 0.000888 0.000000 0.000005 0.000082
189     0.211934 0.209936 0.000915 0.000000 0.000006 0.000061
190     0.205495 0.202437 0.000865 0.000000 0.000007 0.000080
191     0.264751 0.261342 0.000927 0.000000 0.000006 0.000075
192     0.252135 0.248997 0.001058 0.000000 0.000013 0.000127
193     0.267100 0.263469 0.000942 0.000000 0.000006 0.000083
194     0.267093 0.264193 0.000868 0.000000 0.000006 0.000096
195     0.232245 0.230278 0.000931 0.000000 0.000007 0.000119
196     0.227231 0.224802 0.000780 0.000000 0.000005 0.000100
197     0.208850 0.206268 0.000838 0.000000 0.000017 0.000064
198     0.251248 0.247145 0.000886 0.000000 0.000006 0.000078
199     0.248450 0.244755 0.000943 0.000000 0.000008 0.000082
200     0.243803 0.241118 0.000805 0.000000 0.000005 0.000061
201     0.263208 0.260622 0.001413 0.000000 0.000015 0.000116
202     0.236173 0.233277 0.000815 0.000000 0.000005 0.000062
203     0.301273 0.298400 0.000772 0.000000 0.000006 0.000103
204     0.226044 0.222105 0.000756 0.000000 0.000005 0.000061
205     0.263327 0.259915 0.000944 0.000000 0.000006 0.000071
206     0.236938 0.233748 0.000934 0.000000 0.000006 0.000067
207     0.274788 0.272600 0.001051 0.000000 0.000012 0.000112
208     0.250967 0.248331 0.001078 0.000000 0.000011 0.000107
209     0.292226 0.289636 0.000873 0.000000 0.000007 0.000071
210     0.267105 0.263578 0.001077 0.000000 0.000013 0.000164
211     0.226125 0.223483 0.001191 0.000000 0.000013 0.000105
212     0.308450 0.305540 0.000885 0.000000 0.000006 0.000074
213     0.277681 0.275203 0.001029 0.000000 0.000010 0.000089
214     0.293132 0.289898 0.000968 0.000000 0.000007 0.000085
215     0.294406 0.291118 0.000934 0.000000 0.000011 0.000101
216     0.305277 0.301935 0.000892 0.000000 0.000006 0.000135
217     0.288781 0.285227 0.001012 0.000000 0.000013 0.000117
218     0.289999 0.287160 0.000889 0.000000 0.000007 0.000088
219     0.265228 0.261939 0.001695 0.000000 0.000015 0.000098
220     0.268251 0.265575 0.000965 0.000000 0.000010 0.000093
221     0.255488 0.252480 0.001232 0.000000 0.000007 0.000077
222     0.244687 0.241766 0.000843 0.000000 0.000006 0.000072
223     0.199911 0.197827 0.000781 0.000000 0.000005 0.000051
224     0.216111 0.213867 0.000919 0.000000 0.000007 0.000136
225     0.271860 0.270100 0.000702 0.000000 0.000005 0.000093
226     0.195454 0.192752 0.000943 0.000000 0.000011 0.000103
227     0.273406 0.270316 0.000823 0.000000 0.000006 0.000088
228     0.240222 0.237119 0.000790 0.000000 0.000006 0.000069
229     0.236927 0.234110 0.000860 0.000000 0.000006 0.000081
230     0.228766 0.226476 0.000689 0.000000 0.000006 0.000061
231     0.220235 0.218412 0.000815 0.000000 0.000009 0.000091
232     0.295271 0.291248 0.001090 0.000000 0.000014 0.000135
233     0.314113 0.310446 0.001401 0.000000 0.000038 0.000124
234     0.256671 0.252764 0.001136 0.000000 0.000013 0.000138
235     0.289279 0.284488 0.000947 0.000000 0.000012 0.000121
236     0.295737 0.291820 0.001008 0.000000 0.000009 0.000154
237     0.271580 0.269102 0.000699 0.000000 0.000006 0.000097
238     0.274393 0.272009 0.000903 0.000000 0.000006 0.000072
239     0.244760 0.242441 0.000763 0.000000 0.000006 0.000068
240     0.261217 0.258002 0.001029 0.000000 0.000012 0.000133
241     0.287978 0.284407 0.000730 0.000000 0.000007 0.000090
242     0.242473 0.240094 0.000772 0.000000 0.000006 0.000072
243     0.315879 0.314082 0.000857 0.000000 0.000011 0.000099
244     0.293255 0.289826 0.001133 0.000000 0.000010 0.000119
245     0.284010 0.280845 0.000742 0.000000 0.000006 0.000165
246     0.284494 0.280761 0.001137 0.000000 0.000010 0.000136
247     0.284051 0.281178 0.000893 0.000000 0.000006 0.000077
248     0.269056 0.266375 0.000735 0.000000 0.000010 0.000083
249     0.299679 0.297669 0.000958 0.000000 0.000006 0.000077
250     0.271784 0.268034 0.001108 0.000000 0.000008 0.000099
251     0.278887 0.275970 0.001098 0.000000 0.000012 0.000134
252     0.275106 0.270522 0.000888 0.000000 0.000008 0.000078
253     0.273645 0.270605 0.000994 0.000000 0.000012 0.000111
254     0.280444 0.277330 0.000849 0.000000 0.000008 0.000105
255     0.236998 0.235249 0.000743 0.000000 0.000006 0.000080
256     0.275828 0.273551 0.000912 0.000000 0.000006 0.000062
257     0.291491 0.288959 0.000877 0.000000 0.000009 0.000180
258     0.276733 0.272513 0.001092 0.000000 0.000006 0.000075
259     0.274586 0.271958 0.000993 0.000000 0.000011 0.000111
260     0.293395 0.290485 0.000978 0.000000 0.000007 0.000074
261     0.237015 0.234847 0.000804 0.000000 0.000010 0.000107
262     0.263350 0.260445 0.001039 0.000000 0.000014 0.000115
263     0.277262 0.273764 0.001040 0.000000 0.000006 0.000091
264     0.265964 0.261705 0.001189 0.000000 0.000013 0.000156
265     0.285986 0.281992 0.001330 0.000000 0.000013 0.000149
266     0.273037 0.269811 0.001126 0.000000 0.000013 0.000131
267     0.272211 0.269583 0.001082 0.000000 0.000012 0.000133
268     0.274500 0.271018 0.000996 0.000000 0.000012 0.000115
269     0.287921 0.284655 0.000834 0.000000 0.000009 0.000097
270     0.279529 0.277264 0.000785 0.000000 0.000006 0.000077
271     0.271959 0.268860 0.001392 0.000000 0.000011 0.000121
272     0.264367 0.260969 0.001339 0.000000 0.000012 0.000140
273     0.315031 0.312629 0.000808 0.000000 0.000008 0.000121
274     0.268946 0.265409 0.001049 0.000000 0.000008 0.000084
275     0.249989 0.246687 0.000895 0.000000 0.000011 0.000102
276     0.255912 0.252630 0.000971 0.000000 0.000011 0.000108
277     0.268173 0.265328 0.000762 0.000000 0.000006 0.000070
278     0.236597 0.233195 0.001243 0.000000 0.000015 0.000127
279     0.276522 0.273686 0.001112 0.000000 0.000012 0.000117
280     0.341296 0.337970 0.001311 0.000000 0.000015 0.000135
281     0.271905 0.268553 0.000794 0.000000 0.000008 0.000102
282     0.243454 0.240808 0.001018 0.000000 0.000010 0.000106
283     0.276461 0.272938 0.001216 0.000000 0.000011 0.000153
284     0.329661 0.326736 0.001133 0.000000 0.000019 0.000167
285     0.274438 0.272889 0.000767 0.000000 0.000006 0.000103
286     0.257973 0.255522 0.000963 0.000000 0.000012 0.000133
287     0.300376 0.297066 0.001009 0.000000 0.000011 0.000101
288     0.247765 0.244597 0.000942 0.000000 0.000014 0.000098
289     0.245017 0.242212 0.000978 0.000000 0.000012 0.000117
290     0.233715 0.231027 0.001053 0.000000 0.000012 0.000104
291     0.216450 0.214501 0.000940 0.000000 0.000011 0.000121
292     0.288768 0.286447 0.000668 0.000000 0.000005 0.000065
293     0.272204 0.269308 0.001003 0.000000 0.000012 0.000115
294     0.292961 0.289849 0.000989 0.000000 0.000012 0.000125
295     0.259353 0.256179 0.001021 0.000000 0.000012 0.000114
296     0.284034 0.280733 0.000939 0.000000 0.000012 0.000112
297     0.269744 0.267183 0.000926 0.000000 0.000011 0.000115
298     0.274936 0.270824 0.001260 0.000000 0.000015 0.000151
299     0.284493 0.278992 0.001075 0.000000 0.000011 0.000172
300     0.302018 0.297243 0.001468 0.000000 0.000012 0.000144
301     0.310720 0.306993 0.000840 0.000000 0.000006 0.000077
302     0.233299 0.230219 0.001143 0.000000 0.000012 0.000120
303     0.274600 0.272061 0.000988 0.000000 0.000008 0.000122
304     0.264964 0.261308 0.001683 0.000000 0.000017 0.000122
305     0.262561 0.257906 0.000996 0.000000 0.000012 0.000107
306     0.239108 0.236656 0.001090 0.000000 0.000008 0.000091
307     0.239949 0.237036 0.001069 0.000000 0.000011 0.000106
308     0.267335 0.263439 0.000853 0.000000 0.000007 0.000069
309     0.305871 0.303575 0.001202 0.000000 0.000011 0.000146
310     0.286037 0.283252 0.000803 0.000000 0.000009 0.000119
311     0.269646 0.265988 0.001090 0.000000 0.000012 0.000156
312     0.332006 0.326325 0.001354 0.000000 0.000012 0.000145
313     0.299867 0.294994 0.001269 0.000000 0.000012 0.000118
314     0.268947 0.264762 0.001331 0.000000 0.000012 0.000144
315     0.262474 0.259162 0.001624 0.000000 0.000021 0.000158
316     0.268436 0.263353 0.002078 0.000000 0.000032 0.000177
317     0.254226 0.251187 0.001137 0.000000 0.000011 0.000136
318     0.267312 0.263034 0.001599 0.000000 0.000016 0.000144
319     0.256139 0.252810 0.000906 0.000000 0.000007 0.000121
320     0.301229 0.298402 0.001328 0.000000 0.000010 0.000121
321     0.242377 0.239666 0.001123 0.000000 0.000011 0.000108
322     0.235652 0.232419 0.000800 0.000000 0.000011 0.000109
323     0.264397 0.260974 0.001068 0.000000 0.000011 0.000106
324     0.265896 0.262161 0.000835 0.000000 0.000007 0.000077
325     0.265166 0.262421 0.001139 0.000000 0.000012 0.000117
326     0.269344 0.265369 0.001068 0.000000 0.000011 0.000118
327     0.269803 0.267214 0.000996 0.000000 0.000010 0.000097
328     0.292392 0.288567 0.001989 0.000000 0.000012 0.000138
329     0.293846 0.290041 0.001282 0.000000 0.000012 0.000145
330     0.268151 0.264447 0.001063 0.000000 0.000011 0.000126
331     0.293420 0.289830 0.000900 0.000000 0.000012 0.000126
332     0.286580 0.282931 0.001018 0.000000 0.000007 0.000108
333     0.312667 0.309704 0.001297 0.000000 0.000013 0.000167
334     0.286322 0.281585 0.001957 0.000000 0.000010 0.000097
335     0.279844 0.276557 0.001193 0.000000 0.000006 0.000102
336     0.255108 0.251702 0.001008 0.000000 0.000012 0.000117
337     0.267613 0.264381 0.000971 0.000000 0.000010 0.000101
338     0.320994 0.317095 0.001162 0.000000 0.000012 0.000117
339     0.239426 0.236943 0.001110 0.000000 0.000012 0.000106
340     0.268496 0.264623 0.001035 0.000000 0.000012 0.000107
341     0.233441 0.230602 0.000926 0.000000 0.000010 0.000101
342     0.307343 0.304269 0.001206 0.000000 0.000012 0.000161
343     0.268672 0.265963 0.000776 0.000000 0.000012 0.000134
344     0.295241 0.290867 0.001088 0.000000 0.000012 0.000114
345     0.274786 0.271371 0.001762 0.000000 0.000013 0.000119
346     0.293610 0.289602 0.001035 0.000000 0.000012 0.000130
347     0.282210 0.278388 0.000848 0.000000 0.000013 0.000121
348     0.286178 0.282235 0.001174 0.000000 0.000012 0.000131
349     0.268083 0.263610 0.001089 0.000000 0.000012 0.000130
350     0.293585 0.289357 0.001240 0.000000 0.000011 0.000185
351     0.299042 0.296024 0.001333 0.000000 0.000006 0.000078
352     0.316033 0.312156 0.001555 0.000000 0.000015 0.000180
353     0.285148 0.281644 0.001078 0.000000 0.000013 0.000212
354     0.276882 0.272985 0.001431 0.000000 0.000014 0.000153
355     0.269633 0.266443 0.001190 0.000000 0.000011 0.000129
356     0.267314 0.264055 0.001010 0.000000 0.000006 0.000105
357     0.272232 0.270149 0.001071 0.000000 0.000010 0.000132
358     0.264303 0.260378 0.001378 0.000000 0.000006 0.000109
359     0.243450 0.240278 0.001133 0.000000 0.000014 0.000196
360     0.280043 0.275497 0.001032 0.000000 0.000010 0.000123
361     0.284811 0.281303 0.001094 0.000000 0.000012 0.000252
362     0.301165 0.297712 0.001755 0.000000 0.000013 0.000111
363     0.289218 0.287211 0.001069 0.000000 0.000008 0.000115
364     0.314464 0.310563 0.001397 0.000000 0.000013 0.000207
365     0.273762 0.269956 0.001136 0.000000 0.000011 0.000173
366     0.310296 0.307307 0.001064 0.000000 0.000009 0.000106
367     0.266334 0.263257 0.001125 0.000000 0.000012 0.000122
368     0.276163 0.273187 0.000977 0.000000 0.000009 0.000100
369     0.262739 0.260286 0.001224 0.000000 0.000010 0.000134
370     0.319108 0.316017 0.001177 0.000000 0.000012 0.000110
371     0.265335 0.261608 0.001221 0.000000 0.000024 0.000121
372     0.261244 0.257181 0.001452 0.000000 0.000011 0.000118
373     0.294382 0.290147 0.001576 0.000000 0.000014 0.000149
374     0.278588 0.274295 0.000882 0.000000 0.000008 0.000089
375     0.191618 0.189596 0.000809 0.000000 0.000005 0.000065
376     0.278937 0.275575 0.000896 0.000000 0.000008 0.000151
377     0.241493 0.238419 0.001046 0.000000 0.000011 0.000142
378     0.246130 0.242909 0.000939 0.000000 0.000009 0.000097
379     0.317318 0.314380 0.001009 0.000000 0.000011 0.000206
380     0.266929 0.263886 0.000974 0.000000 0.000011 0.000110
381     0.233494 0.231469 0.000977 0.000000 0.000011 0.000109
382     0.270439 0.267719 0.000822 0.000000 0.000008 0.000084
383     0.210934 0.207973 0.001063 0.000000 0.000013 0.000120
384     0.284140 0.281032 0.000717 0.000000 0.000006 0.000095
385     0.209250 0.206768 0.000960 0.000000 0.000011 0.000111
386     0.269259 0.265917 0.000749 0.000000 0.000006 0.000077
387     0.211165 0.209269 0.000940 0.000000 0.000011 0.000107
388     0.257085 0.253160 0.000979 0.000000 0.000008 0.000110
389     0.270694 0.267482 0.000775 0.000000 0.000007 0.000112
390     0.258942 0.255582 0.000974 0.000000 0.000012 0.000206
391     0.296270 0.293301 0.001061 0.000000 0.000097 0.000115
392     0.280107 0.276968 0.000752 0.000000 0.000008 0.000082
393     0.292773 0.290366 0.001085 0.000000 0.000013 0.000117
394     0.293104 0.289419 0.001122 0.000000 0.000013 0.000137
395     0.271108 0.268322 0.000814 0.000000 0.000006 0.000079
396     0.248555 0.245614 0.000895 0.000000 0.000011 0.000105
397     0.262135 0.259350 0.000815 0.000000 0.000008 0.000084
398     0.238205 0.234029 0.000928 0.000000 0.000009 0.000095
399     0.221168 0.218973 0.001062 0.000000 0.000012 0.000125
400     0.280354 0.277471 0.000777 0.000000 0.000005 0.000078
401     0.279773 0.277097 0.001094 0.000000 0.000012 0.000216
402     0.293252 0.290024 0.000938 0.000000 0.000013 0.000114
403     0.239101 0.236078 0.001013 0.000000 0.000008 0.000088
404     0.302063 0.296924 0.003236 0.000000 0.000016 0.000159
405     0.273770 0.270985 0.000852 0.000000 0.000006 0.000070
406     0.288379 0.285434 0.001144 0.000000 0.000012 0.000120
407     0.305086 0.301421 0.001090 0.000000 0.000011 0.000160
408     0.274162 0.269703 0.001061 0.000000 0.000013 0.000125
409     0.271707 0.268249 0.001161 0.000000 0.000013 0.000134
410     0.284140 0.280260 0.001043 0.000000 0.000012 0.000122
411     0.302431 0.299613 0.001212 0.000000 0.000009 0.000102
412     0.295170 0.292195 0.001327 0.000000 0.000012 0.000105
413     0.276023 0.272380 0.001219 0.000000 0.000010 0.000104
414     0.271474 0.268559 0.001210 0.000000 0.000012 0.000128
415     0.280970 0.277760 0.001165 0.000000 0.000012 0.000115
416     0.277227 0.274243 0.001063 0.000000 0.000009 0.000088
417     0.267248 0.264358 0.000989 0.000000 0.000012 0.000113
418     0.243637 0.240572 0.000977 0.000000 0.000012 0.000129
419     0.269927 0.266055 0.001218 0.000000 0.000013 0.000135
420     0.307230 0.303680 0.001077 0.000000 0.000011 0.000121
421     0.234928 0.231054 0.001108 0.000000 0.000010 0.000102
422     0.263632 0.259705 0.001222 0.000000 0.000013 0.000137
423     0.266539 0.263794 0.000915 0.000000 0.000011 0.000168
424     0.258339 0.255700 0.000781 0.000000 0.000007 0.000087
425     0.269578 0.266842 0.001140 0.000000 0.000011 0.000118
426     0.269613 0.266057 0.000876 0.000000 0.000012 0.000099
427     0.236367 0.233491 0.001080 0.000000 0.000011 0.000106
428     0.258838 0.254402 0.001410 0.000000 0.000012 0.000143
429     0.253812 0.251108 0.001152 0.000000 0.000012 0.000127
430     0.288511 0.282564 0.003171 0.000000 0.000009 0.000071
431     0.271957 0.267995 0.001072 0.000000 0.000012 0.000096
432     0.339857 0.335734 0.001216 0.000000 0.000012 0.000156
433     0.262967 0.260029 0.000979 0.000000 0.000007 0.000105
434     0.269069 0.266670 0.000983 0.000000 0.000007 0.000110
435     0.286388 0.284227 0.001139 0.000000 0.000012 0.000130
436     0.302410 0.298024 0.001931 0.000000 0.000017 0.000150
437     0.290682 0.286880 0.001047 0.000000 0.000012 0.000117
438     0.265665 0.262282 0.000794 0.000000 0.000009 0.000094
439     0.261165 0.258106 0.001205 0.000000 0.000010 0.000152
440     0.323129 0.320222 0.001101 0.000000 0.000013 0.000160
441     0.269502 0.266899 0.001079 0.000000 0.000007 0.000099
442     0.236919 0.234018 0.001014 0.000000 0.000012 0.000109
443     0.273453 0.270313 0.000936 0.000000 0.000007 0.000085
444     0.238592 0.235557 0.000788 0.000000 0.000007 0.000084
445     0.279315 0.275004 0.001704 0.000000 0.000012 0.000123
446     0.325006 0.320546 0.001619 0.000000 0.000012 0.000135
447     0.255405 0.252989 0.001025 0.000000 0.000012 0.000112
448     0.228521 0.225888 0.001019 0.000000 0.000011 0.000118
449     0.291176 0.286532 0.001319 0.000000 0.000015 0.000122
450     0.272213 0.268460 0.001209 0.000000 0.000013 0.000131
451     0.266820 0.263035 0.001132 0.000000 0.000011 0.000116
452     0.272908 0.268332 0.000949 0.000000 0.000011 0.000107
453     0.289901 0.287033 0.001193 0.000000 0.000013 0.000120
454     0.259547 0.256272 0.001186 0.000000 0.000012 0.000120
455     0.327898 0.325379 0.000990 0.000000 0.000007 0.000118
456     0.316092 0.311074 0.001370 0.000000 0.000013 0.000146
457     0.285970 0.282321 0.000968 0.000000 0.000007 0.000082
458     0.243895 0.239918 0.000918 0.000000 0.000006 0.000075
459     0.317598 0.315438 0.001037 0.000000 0.000012 0.000122
460     0.291791 0.288223 0.000654 0.000000 0.000012 0.000140
461     0.235048 0.232021 0.001095 0.000000 0.000013 0.000142
462     0.267321 0.264509 0.000782 0.000000 0.000007 0.000068
463     0.296701 0.292861 0.001491 0.000000 0.000012 0.000136
464     0.298055 0.295148 0.000939 0.000000 0.000012 0.000110
465     0.264726 0.261721 0.000839 0.000000 0.000006 0.000081
466     0.270166 0.265859 0.001019 0.000000 0.000013 0.000108
467     0.237544 0.234921 0.001008 0.000000 0.000011 0.000107
468     0.302788 0.299331 0.000978 0.000000 0.000013 0.000156
469     0.310948 0.307251 0.000857 0.000000 0.000005 0.000101
470     0.255223 0.252683 0.000820 0.000000 0.000007 0.000082
471     0.234405 0.232195 0.001086 0.000000 0.000013 0.000204
472     0.285874 0.283324 0.000743 0.000000 0.000006 0.000070
473     0.284165 0.280162 0.001584 0.000000 0.000013 0.000118
474     0.309721 0.306654 0.000839 0.000000 0.000006 0.000086
475     0.311523 0.307576 0.001176 0.000000 0.000012 0.000192
476     0.254445 0.251418 0.000996 0.000000 0.000011 0.000136
477     0.266778 0.263674 0.001408 0.000000 0.000015 0.000112
478     0.284581 0.281770 0.000796 0.000000 0.000009 0.000086
479     0.289017 0.285678 0.000955 0.000000 0.000012 0.000110
480     0.316350 0.312576 0.000964 0.000000 0.000018 0.000133
481     0.269446 0.265604 0.001024 0.000000 0.000011 0.000148
482     0.286022 0.283325 0.000770 0.000000 0.000008 0.000079
483     0.251775 0.249593 0.001027 0.000000 0.000021 0.000160
484     0.256150 0.252466 0.000957 0.000000 0.000007 0.000079
485     0.292381 0.287896 0.001388 0.000000 0.000021 0.000104
486     0.245044 0.242192 0.001167 0.000000 0.000009 0.000121
487     0.278400 0.275737 0.000820 0.000000 0.000008 0.000098
488     0.261045 0.257338 0.000695 0.000000 0.000006 0.000093
489     0.247851 0.245010 0.001529 0.000000 0.000034 0.000142
490     0.270620 0.267057 0.001065 0.000000 0.000012 0.000109
491     0.269506 0.266252 0.001180 0.000000 0.000013 0.000120
492     0.267828 0.263711 0.000928 0.000000 0.000163 0.000256
493     0.292825 0.288714 0.001083 0.000000 0.000014 0.000098
494     0.262391 0.258779 0.000963 0.000000 0.000010 0.000104
495     0.321076 0.318638 0.000998 0.000000 0.000009 0.000140
496     0.281862 0.278719 0.000949 0.000000 0.000009 0.000156
497     0.256513 0.253346 0.001054 0.000000 0.000014 0.000142
498     0.315000 0.311503 0.000947 0.000000 0.000006 0.000073
499     0.248923 0.246228 0.000819 0.000000 0.000006 0.000146
500     0.364379 0.361758 0.001164 0.000000 0.000005 0.000066
501     0.303366 0.301155 0.001092 0.000000 0.000008 0.000092
502     0.227436 0.224713 0.000978 0.000000 0.000012 0.000110
503     0.263605 0.260315 0.000950 0.000000 0.000008 0.000080
504     0.304775 0.301717 0.000774 0.000000 0.000006 0.000074
505     0.228820 0.226257 0.000955 0.000000 0.000009 0.000088
506     0.276243 0.273124 0.001280 0.000000 0.000012 0.000116
507     0.267610 0.265323 0.000876 0.000000 0.000009 0.000097
508     0.243233 0.239790 0.000830 0.000000 0.000007 0.000072
509     0.280885 0.277769 0.001465 0.000000 0.000013 0.000126
510     0.258869 0.255143 0.001180 0.000000 0.000014 0.000144
511     0.299100 0.296434 0.001006 0.000000 0.000012 0.000094
512     0.323134 0.319373 0.001256 0.000000 0.000013 0.000145
513     0.265464 0.262740 0.001156 0.000000 0.000013 0.000168
514     0.263506 0.260675 0.000880 0.000000 0.000007 0.000114
515     0.322171 0.318644 0.001081 0.000000 0.000012 0.000136
516     0.284571 0.280838 0.001011 0.000000 0.000012 0.000123
517     0.232823 0.229664 0.001104 0.000000 0.000012 0.000118
518     0.309677 0.306634 0.001136 0.000000 0.000012 0.000113
519     0.256340 0.253884 0.001038 0.000000 0.000013 0.000118
520     0.265119 0.261767 0.000786 0.000000 0.000007 0.000079
521     0.249102 0.246526 0.000899 0.000000 0.000009 0.000087
522     0.233718 0.230909 0.001093 0.000000 0.000014 0.000187
523     0.280189 0.276907 0.001075 0.000000 0.000014 0.000138
524     0.309082 0.305215 0.001142 0.000000 0.000012 0.000138
525     0.281430 0.278935 0.001012 0.000000 0.000013 0.000111
526     0.305645 0.302375 0.001104 0.000000 0.000012 0.000130
527     0.266083 0.262625 0.001218 0.000000 0.000012 0.000117
528     0.300641 0.296113 0.001130 0.000000 0.000012 0.000111
529     0.277950 0.274695 0.001114 0.000000 0.000012 0.000118
530     0.304456 0.300869 0.000893 0.000000 0.000006 0.000107
531     0.325081 0.322426 0.001191 0.000000 0.000012 0.000144
532     0.316752 0.313498 0.000929 0.000000 0.000007 0.000129
533     0.324494 0.321982 0.000832 0.000000 0.000006 0.000079
534     0.266610 0.264097 0.000866 0.000000 0.000007 0.000075
535     0.230841 0.228284 0.001080 0.000000 0.000012 0.000121
536     0.212646 0.210273 0.000742 0.000000 0.000014 0.000116
537     0.269796 0.266777 0.001068 0.000000 0.000006 0.000069
538     0.227945 0.225492 0.000927 0.000000 0.000012 0.000113
539     0.267000 0.264154 0.001015 0.000000 0.000012 0.000109
540     0.256857 0.252744 0.000902 0.000000 0.000009 0.000091
541     0.245197 0.241792 0.001139 0.000000 0.000012 0.000115
542     0.262876 0.259775 0.001007 0.000000 0.000012 0.000225
543     0.295780 0.293037 0.001027 0.000000 0.000012 0.000139
544     0.283077 0.279143 0.001220 0.000000 0.000012 0.000124
545     0.276994 0.273522 0.001181 0.000000 0.000012 0.000117
546     0.300492 0.296392 0.000887 0.000000 0.000007 0.000086
547     0.290333 0.287318 0.000999 0.000000 0.000006 0.000073
548     0.256125 0.252511 0.001259 0.000000 0.000011 0.000130
549     0.257063 0.254162 0.001119 0.000000 0.000013 0.000113
550     0.312546 0.309034 0.001334 0.000000 0.000013 0.000148
551     0.273835 0.269485 0.001562 0.000000 0.000012 0.000120
552     0.271902 0.266868 0.001161 0.000000 0.000013 0.000139
553     0.218249 0.215218 0.001211 0.000000 0.000012 0.000138
554     0.290338 0.287404 0.001105 0.000000 0.000013 0.000145
555     0.274994 0.271719 0.001607 0.000000 0.000016 0.000118
556     0.267889 0.264626 0.000980 0.000000 0.000012 0.000111
557     0.288192 0.284579 0.001126 0.000000 0.000013 0.000118
558     0.308506 0.304640 0.001027 0.000000 0.000012 0.000177
559     0.268345 0.264953 0.000874 0.000000 0.000007 0.000083
560     0.282884 0.279860 0.000889 0.000000 0.000010 0.000102
561     0.269894 0.267175 0.000975 0.000000 0.000006 0.000081
562     0.242299 0.239073 0.001008 0.000000 0.000012 0.000122
563     0.255341 0.252215 0.001033 0.000000 0.000013 0.000118
564     0.262309 0.258312 0.001072 0.000000 0.000009 0.000131
565     0.282656 0.279208 0.000964 0.000000 0.000013 0.000141
566     0.265330 0.262083 0.001163 0.000000 0.000012 0.000114
567     0.278009 0.275488 0.001285 0.000000 0.000011 0.000106
568     0.314413 0.311577 0.001008 0.000000 0.000011 0.000114
569     0.290393 0.286966 0.001097 0.000000 0.000012 0.000108
570     0.319747 0.315307 0.001935 0.000000 0.000032 0.000166
571     0.272454 0.268567 0.001570 0.000000 0.000013 0.000138
572     0.270640 0.267179 0.001049 0.000000 0.000013 0.000118
573     0.297792 0.295197 0.001177 0.000000 0.000011 0.000180
574     0.257880 0.254307 0.001703 0.000000 0.000010 0.000097
575     0.252455 0.248797 0.001167 0.000000 0.000012 0.000148
576     0.288560 0.284831 0.000982 0.000000 0.000012 0.000110
577     0.244805 0.240860 0.001068 0.000000 0.000011 0.000123
578     0.261655 0.257883 0.000868 0.000000 0.000006 0.000068
579     0.234206 0.231971 0.001072 0.000000 0.000011 0.000113
580     0.267372 0.264055 0.000959 0.000000 0.000011 0.000106
581     0.268684 0.265204 0.000913 0.000000 0.000008 0.000090
582     0.246637 0.242855 0.001645 0.000000 0.000013 0.000115
583     0.277614 0.274056 0.001031 0.000000 0.000008 0.000104
584     0.249341 0.246716 0.000986 0.000000 0.000013 0.000120
585     0.269102 0.266398 0.001092 0.000000 0.000010 0.000112
586     0.276646 0.272955 0.001000 0.000000 0.000010 0.000104
587     0.282273 0.279046 0.001093 0.000000 0.000012 0.000114
588     0.272675 0.268147 0.000989 0.000000 0.000012 0.000114
589     0.243812 0.240119 0.000988 0.000000 0.000011 0.000085
590     0.300126 0.296450 0.001014 0.000000 0.000013 0.000104
591     0.258773 0.256221 0.001103 0.000000 0.000012 0.000126
592     0.268411 0.265479 0.000790 0.000000 0.000007 0.000079
593     0.266795 0.264503 0.000764 0.000000 0.000007 0.000074
594     0.236602 0.233307 0.001052 0.000000 0.000012 0.000117
595     0.275753 0.272406 0.000913 0.000000 0.000010 0.000101
596     0.289005 0.286038 0.001027 0.000000 0.000012 0.000116
597     0.269364 0.266454 0.001234 0.000000 0.000011 0.000117
598     0.278131 0.274411 0.001016 0.000000 0.000011 0.000105
599     0.265078 0.261608 0.001036 0.000000 0.000012 0.000122
600     0.272123 0.267421 0.001250 0.000000 0.000008 0.000119
601     0.275685 0.273079 0.000751 0.000000 0.000009 0.000107
602     0.251224 0.248164 0.001173 0.000000 0.000009 0.000125
603     0.258575 0.256247 0.001133 0.000000 0.000010 0.000104
604     0.243278 0.239529 0.001366 0.000000 0.000013 0.000118
605     0.266124 0.262385 0.001055 0.000000 0.000012 0.000128
606     0.314663 0.311269 0.001017 0.000000 0.000013 0.000152
607     0.292599 0.288819 0.001206 0.000000 0.000010 0.000122
608     0.273210 0.269587 0.001228 0.000000 0.000012 0.000119
609     0.294730 0.291041 0.001798 0.000000 0.000018 0.000189
610     0.294166 0.291096 0.001231 0.000000 0.000013 0.000154
611     0.273103 0.268572 0.001111 0.000000 0.000012 0.000130
612     0.275972 0.271149 0.001213 0.000000 0.000012 0.000142
613     0.260406 0.257253 0.001025 0.000000 0.000012 0.000121
614     0.270574 0.267002 0.000911 0.000000 0.000012 0.000113
615     0.274022 0.271582 0.000865 0.000000 0.000006 0.000080
616     0.249383 0.246675 0.001042 0.000000 0.000012 0.000139
617     0.290345 0.286839 0.001305 0.000000 0.000019 0.000102
618     0.308752 0.305086 0.001081 0.000000 0.000007 0.000098
619     0.268582 0.265176 0.001231 0.000000 0.000011 0.000113
620     0.273821 0.270219 0.001161 0.000000 0.000012 0.000157
621     0.337747 0.334276 0.001406 0.000000 0.000013 0.000141
622     0.295361 0.291298 0.000977 0.000000 0.000012 0.000132
623     0.293743 0.290198 0.001222 0.000000 0.000012 0.000116
624     0.318197 0.313636 0.000992 0.000000 0.000012 0.000117
625     0.276431 0.272239 0.001021 0.000000 0.000012 0.000114
626     0.265087 0.261271 0.001076 0.000000 0.000013 0.000116
627     0.234151 0.231367 0.001068 0.000000 0.000012 0.000120
628     0.270048 0.266158 0.001105 0.000000 0.000012 0.000115
629     0.331471 0.328195 0.000882 0.000000 0.000007 0.000091
630     0.269982 0.267095 0.001054 0.000000 0.000012 0.000114
631     0.283654 0.279479 0.001069 0.000000 0.000013 0.000120
632     0.295427 0.292377 0.001019 0.000000 0.000012 0.000148
633     0.267977 0.265291 0.001109 0.000000 0.000012 0.000115
634     0.284292 0.280438 0.001044 0.000000 0.000012 0.000131
635     0.334946 0.331963 0.001013 0.000000 0.000011 0.000111
636     0.251900 0.247424 0.001072 0.000000 0.000013 0.000142
637     0.237662 0.234971 0.000964 0.000000 0.000011 0.000103
638     0.251883 0.249335 0.000669 0.000000 0.000006 0.000069
639     0.263293 0.261045 0.001102 0.000000 0.000014 0.000138
640     0.291856 0.289358 0.000794 0.000000 0.000006 0.000074
641     0.219651 0.217265 0.000929 0.000000 0.000009 0.000089
642     0.259868 0.256268 0.000975 0.000000 0.000011 0.000112
643     0.306254 0.302872 0.000720 0.000000 0.000010 0.000114
644     0.243666 0.241024 0.000848 0.000000 0.000011 0.000109
645     0.255019 0.252780 0.000981 0.000000 0.000013 0.000106
646     0.268200 0.265163 0.001023 0.000000 0.000009 0.000104
647     0.299344 0.295426 0.001109 0.000000 0.000035 0.000128
648     0.264179 0.259271 0.001086 0.000000 0.000012 0.000112
649     0.357030 0.353566 0.001176 0.000000 0.000013 0.000132
650     0.261827 0.258009 0.001203 0.000000 0.000010 0.000103
651     0.268117 0.264465 0.001083 0.000000 0.000011 0.000106
652     0.261169 0.258648 0.000746 0.000000 0.000007 0.000070
653     0.254560 0.250811 0.001257 0.000000 0.000013 0.000132
654     0.275449 0.272935 0.000894 0.000000 0.000008 0.000090
655     0.244729 0.241472 0.001089 0.000000 0.000013 0.000145
656     0.256676 0.253839 0.001033 0.000000 0.000014 0.000109
657     0.313358 0.310776 0.001044 0.000000 0.000012 0.000122
658     0.270079 0.266033 0.001889 0.000000 0.000016 0.000135
659     0.265905 0.261979 0.001564 0.000000 0.000020 0.000142
660     0.304853 0.301093 0.001007 0.000000 0.000006 0.000086
661     0.326809 0.323293 0.001076 0.000000 0.000013 0.000123
662     0.296080 0.293179 0.001109 0.000000 0.000012 0.000113
663     0.287233 0.284767 0.000842 0.000000 0.000008 0.000094
664     0.244422 0.241517 0.001141 0.000000 0.000013 0.000129
665     0.238990 0.236250 0.001039 0.000000 0.000012 0.000112
666     0.269898 0.266778 0.001078 0.000000 0.000014 0.000113
667     0.272370 0.267324 0.001893 0.000000 0.000022 0.000167
668     0.265038 0.260857 0.001285 0.000000 0.000009 0.000106
669     0.289388 0.286730 0.001002 0.000000 0.000011 0.000138
670     0.255033 0.251784 0.001211 0.000000 0.000013 0.000139
671     0.268772 0.265230 0.000988 0.000000 0.000012 0.000116
672     0.311793 0.307675 0.001032 0.000000 0.000012 0.000118
673     0.240267 0.237564 0.001012 0.000000 0.000011 0.000108
674     0.274714 0.271651 0.001245 0.000000 0.000010 0.000101
675     0.262207 0.259764 0.001117 0.000000 0.000013 0.000129
676     0.277053 0.274235 0.000001 0.000000 0.000000 0.000000
677     0.272246 0.264724 0.001108 0.000000 0.000012 0.000116
678     0.291643 0.288751 0.000956 0.000000 0.000011 0.000103
679     0.285970 0.282508 0.001250 0.000000 0.000012 0.000144
680     0.275446 0.272263 0.000645 0.000000 0.000012 0.000112
681     0.204717 0.202536 0.001159 0.000000 0.000013 0.000116
682     0.236995 0.234354 0.000969 0.000000 0.000010 0.000100
683     0.308161 0.304902 0.000819 0.000000 0.000006 0.000078
684     0.289228 0.286010 0.001092 0.000000 0.000012 0.000122
685     0.271965 0.268925 0.000916 0.000000 0.000010 0.000104
686     0.303247 0.300493 0.000808 0.000000 0.000007 0.000077
687     0.277859 0.275797 0.000984 0.000000 0.000012 0.000126
688     0.334624 0.331584 0.000930 0.000000 0.000007 0.000079
689     0.264820 0.262108 0.001134 0.000000 0.000012 0.000109
690     0.292101 0.288209 0.001141 0.000000 0.000012 0.000120
691     0.294613 0.290781 0.001081 0.000000 0.000013 0.000118
692     0.271855 0.268776 0.001118 0.000000 0.000014 0.000142
693     0.289835 0.287848 0.000880 0.000000 0.000007 0.000112
694     0.291463 0.287749 0.001188 0.000000 0.000012 0.000137
695     0.301053 0.296829 0.001078 0.000000 0.000012 0.000115
696     0.273830 0.269712 0.001091 0.000000 0.000010 0.000097
697     0.239697 0.236554 0.001316 0.000000 0.000012 0.000118
698     0.204411 0.201764 0.001153 0.000000 0.000013 0.000154
699     0.199073 0.196913 0.001243 0.000000 0.000012 0.000105
700     0.261037 0.258130 0.001124 0.000000 0.000012 0.000100
701     0.231236 0.228038 0.001274 0.000000 0.000013 0.000112
702     0.268380 0.265475 0.001135 0.000000 0.000013 0.000114
703     0.304734 0.300864 0.001265 0.000000 0.000013 0.000111
704     0.277614 0.274374 0.000991 0.000000 0.000011 0.000108
705     0.280198 0.277884 0.001177 0.000000 0.000011 0.000105
706     0.274260 0.270513 0.001119 0.000000 0.000011 0.000103
707     0.277099 0.273932 0.001195 0.000000 0.000013 0.000123
708     0.241605 0.238465 0.000913 0.000000 0.000008 0.000080
709     0.225892 0.223260 0.000988 0.000000 0.000011 0.000112
710     0.276893 0.274256 0.000737 0.000000 0.000006 0.000074
711     0.221163 0.219052 0.000762 0.000000 0.000009 0.000080
712     0.242779 0.239863 0.000828 0.000000 0.000007 0.000072
713     0.269751 0.267250 0.000976 0.000000 0.000009 0.000107
714     0.254275 0.251833 0.000818 0.000000 0.000008 0.000177
715     0.263117 0.259793 0.000797 0.000000 0.000009 0.000104
716     0.280479 0.277441 0.001038 0.000000 0.000013 0.000129
717     0.274833 0.272438 0.000740 0.000000 0.000008 0.000092
718     0.220113 0.216740 0.000879 0.000000 0.000013 0.000142
719     0.258803 0.254665 0.000807 0.000000 0.000008 0.000097
720     0.311451 0.308073 0.000809 0.000000 0.000023 0.000141
721     0.292121 0.288636 0.001529 0.000000 0.000010 0.000126
722     0.283898 0.280975 0.000897 0.000000 0.000007 0.000076
723     0.245384 0.243403 0.000998 0.000000 0.000012 0.000111
724     0.305270 0.302226 0.001004 0.000000 0.000012 0.000117
725     0.301579 0.298177 0.000947 0.000000 0.000014 0.000153
726     0.239437 0.236103 0.001347 0.000000 0.000012 0.000122
727     0.236456 0.233861 0.001010 0.000000 0.000013 0.000118
728     0.293915 0.291150 0.000968 0.000000 0.000011 0.000134
729     0.298406 0.295917 0.001085 0.000000 0.000012 0.000172
730     0.302551 0.299636 0.000959 0.000000 0.000011 0.000117
731     0.326254 0.321493 0.002063 0.000000 0.000012 0.000132
732     0.279262 0.274569 0.000905 0.000000 0.000021 0.000096
733     0.272501 0.268201 0.001328 0.000000 0.000014 0.000128
734     0.240824 0.238259 0.000911 0.000000 0.000011 0.000114
735     0.253906 0.251476 0.001009 0.000000 0.000011 0.000111
736     0.311652 0.308194 0.000968 0.000000 0.000011 0.000248
737     0.295023 0.291959 0.001018 0.000000 0.000011 0.000114
738     0.263506 0.260088 0.000989 0.000000 0.000014 0.000122
739     0.299720 0.295548 0.001667 0.000000 0.000033 0.000129
740     0.268595 0.265800 0.000686 0.000000 0.000006 0.000087
741     0.210677 0.208781 0.000824 0.000000 0.000011 0.000119
742     0.288695 0.285693 0.001259 0.000000 0.000007 0.000124
743     0.273150 0.269889 0.000969 0.000000 0.000008 0.000095
744     0.253595 0.250382 0.000847 0.000000 0.000011 0.000084
745     0.256006 0.253239 0.000772 0.000000 0.000007 0.000081
746     0.299931 0.297218 0.000861 0.000000 0.000010 0.000104
747     0.268001 0.265377 0.000966 0.000000 0.000008 0.000098
748     0.286742 0.282577 0.001014 0.000000 0.000013 0.000135
749     0.293230 0.288878 0.001150 0.000000 0.000013 0.000153
750     0.263754 0.260283 0.001233 0.000000 0.000012 0.000131
751     0.272209 0.267350 0.001096 0.000000 0.000012 0.000116
752     0.290421 0.286324 0.000973 0.000000 0.000013 0.000213
753     0.279381 0.276621 0.001095 0.000000 0.000012 0.000148
754     0.265510 0.262096 0.001025 0.000000 0.000011 0.000112
755     0.304385 0.300707 0.001173 0.000000 0.000014 0.000163
756     0.271665 0.266754 0.001000 0.000000 0.000012 0.000121
757     0.270304 0.266614 0.000979 0.000000 0.000013 0.000122
758     0.260626 0.256800 0.000971 0.000000 0.000012 0.000115
759     0.272582 0.270031 0.000928 0.000000 0.000013 0.000192
760     0.279504 0.276158 0.000973 0.000000 0.000013 0.000127
761     0.269874 0.266543 0.001194 0.000000 0.000013 0.000108
762     0.271536 0.268711 0.000720 0.000000 0.000006 0.000087
763     0.268505 0.265026 0.001672 0.000000 0.000027 0.000131
764     0.281319 0.278041 0.001006 0.000000 0.000011 0.000150
765     0.282518 0.279814 0.001100 0.000000 0.000014 0.000129
766     0.264558 0.261537 0.001031 0.000000 0.000013 0.000119
767     0.274014 0.270825 0.000779 0.000000 0.000007 0.000089
768     0.297485 0.293814 0.001012 0.000000 0.000011 0.000206
769     0.285072 0.281119 0.001218 0.000000 0.000019 0.000153
770     0.268808 0.265212 0.000836 0.000000 0.000009 0.000092
771     0.271745 0.269405 0.001010 0.000000 0.000014 0.000154
772     0.263128 0.260265 0.000902 0.000000 0.000006 0.000114
773     0.255984 0.253472 0.000949 0.000000 0.000006 0.000115
774     0.238647 0.236158 0.000948 0.000000 0.000012 0.000115
775     0.297200 0.293654 0.000973 0.000000 0.000008 0.000097
776     0.280792 0.275813 0.001815 0.000000 0.000028 0.000138
777     0.291117 0.288336 0.001143 0.000000 0.000013 0.000153
778     0.264685 0.261105 0.000996 0.000000 0.000009 0.000118
779     0.247458 0.244332 0.000812 0.000000 0.000080 0.000166
780     0.272991 0.269456 0.001311 0.000000 0.000011 0.000107
781     0.262747 0.259793 0.001085 0.000000 0.000013 0.000141
782     0.248551 0.245261 0.000813 0.000000 0.000009 0.000094
783     0.272535 0.269567 0.001568 0.000000 0.000007 0.000077
784     0.248241 0.245913 0.000925 0.000000 0.000007 0.000083
785     0.238850 0.236450 0.000998 0.000000 0.000013 0.000117
786     0.278688 0.274959 0.000965 0.000000 0.000010 0.000106
787     0.263375 0.260160 0.000748 0.000000 0.000007 0.000081
788     0.241676 0.239033 0.000922 0.000000 0.000011 0.000111
789     0.266759 0.264496 0.001085 0.000000 0.000013 0.000150
790     0.276767 0.273317 0.000922 0.000000 0.000010 0.000105
791     0.284651 0.279908 0.001006 0.000000 0.000012 0.000126
792     0.280329 0.276512 0.000844 0.000000 0.000007 0.000131
793     0.274733 0.271361 0.000872 0.000000 0.000006 0.000113
794     0.285923 0.281942 0.001683 0.000000 0.000021 0.000181
795     0.278508 0.275976 0.000855 0.000000 0.000006 0.000108
796     0.294420 0.291955 0.000984 0.000000 0.000013 0.000116
797     0.299325 0.295570 0.001728 0.000000 0.000024 0.000153
798     0.273695 0.270285 0.000895 0.000000 0.000007 0.000083
799     0.250297 0.247796 0.001236 0.000000 0.000017 0.000141
800     0.294130 0.291037 0.000917 0.000000 0.000012 0.000120
801     0.283700 0.281327 0.000926 0.000000 0.000008 0.000087
802     0.245671 0.243289 0.000786 0.000000 0.000006 0.000080
803     0.271863 0.268934 0.000871 0.000000 0.000008 0.000090
804     0.239865 0.236315 0.000843 0.000000 0.000010 0.000108
805     0.259033 0.254246 0.000992 0.000000 0.000012 0.000118
806     0.292036 0.287804 0.000971 0.000000 0.000012 0.000119
807     0.267576 0.264896 0.001166 0.000000 0.000013 0.000141
808     0.279522 0.275811 0.001054 0.000000 0.000012 0.000202
809     0.256023 0.253424 0.000981 0.000000 0.000013 0.000118
810     0.275379 0.272591 0.000830 0.000000 0.000006 0.000073
811     0.268378 0.265963 0.000914 0.000000 0.000012 0.000139
812     0.270385 0.266997 0.000838 0.000000 0.000008 0.000088
813     0.267484 0.264841 0.001112 0.000000 0.000012 0.000148
814     0.274741 0.271595 0.001017 0.000000 0.000012 0.000116
815     0.265116 0.261238 0.001098 0.000000 0.000012 0.000145
816     0.329108 0.325642 0.000765 0.000000 0.000006 0.000078
817     0.226699 0.224085 0.000909 0.000000 0.000012 0.000119
818     0.249618 0.247142 0.000969 0.000000 0.000013 0.000143
819     0.306856 0.303546 0.001488 0.000000 0.000016 0.000125
820     0.301895 0.297247 0.001211 0.000000 0.000013 0.000148
821     0.273592 0.269998 0.001154 0.000000 0.000014 0.000164
822     0.269367 0.265917 0.000998 0.000000 0.000012 0.000111
823     0.293895 0.290834 0.000888 0.000000 0.000007 0.000118
824     0.279579 0.276865 0.001062 0.000000 0.000011 0.000119
825     0.249520 0.246833 0.001128 0.000000 0.000013 0.000126
826     0.281505 0.278692 0.000830 0.000000 0.000007 0.000094
827     0.304881 0.302455 0.000932 0.000000 0.000007 0.000100
828     0.273647 0.270774 0.000856 0.000000 0.000007 0.000109
829     0.255131 0.252106 0.000884 0.000000 0.000007 0.000075
830     0.247274 0.244728 0.001059 0.000000 0.000006 0.000068
831     0.274874 0.272767 0.001051 0.000000 0.000008 0.000092
832     0.245571 0.242923 0.001100 0.000000 0.000012 0.000136
833     0.266108 0.262960 0.000873 0.000000 0.000007 0.000069
834     0.233854 0.231281 0.000832 0.000000 0.000007 0.000078
835     0.232545 0.230225 0.000794 0.000000 0.000006 0.000079
836     0.210411 0.207955 0.000923 0.000000 0.000009 0.000104
837     0.246511 0.243393 0.001079 0.000000 0.000012 0.000114
838     0.263168 0.259757 0.000952 0.000000 0.000006 0.000086
839     0.300233 0.297413 0.001107 0.000000 0.000014 0.000119
840     0.267439 0.262814 0.001072 0.000000 0.000013 0.000117
841     0.266154 0.262332 0.001223 0.000000 0.000007 0.000108
842     0.249410 0.246250 0.001070 0.000000 0.000012 0.000122
843     0.273841 0.271058 0.001138 0.000000 0.000013 0.000122
844     0.290661 0.287973 0.000776 0.000000 0.000006 0.000131
845     0.275804 0.271411 0.001123 0.000000 0.000012 0.000120
846     0.272585 0.269176 0.001149 0.000000 0.000012 0.000119
847     0.306533 0.303320 0.001198 0.000000 0.000009 0.000132
848     0.272649 0.269300 0.001130 0.000000 0.000012 0.000167
849     0.270409 0.267661 0.001067 0.000000 0.000011 0.000112
850     0.266222 0.262623 0.000938 0.000000 0.000006 0.000080
851     0.292636 0.288902 0.001085 0.000000 0.000012 0.000098
852     0.274453 0.270724 0.001110 0.000000 0.000011 0.000110
853     0.239241 0.236481 0.001042 0.000000 0.000013 0.000120
854     0.280479 0.277864 0.000770 0.000000 0.000007 0.000087
855     0.238169 0.236090 0.001059 0.000000 0.000013 0.000117
856     0.295184 0.292331 0.000760 0.000000 0.000007 0.000077
857     0.280620 0.277954 0.000833 0.000000 0.000007 0.000079
858     0.301929 0.299130 0.001005 0.000000 0.000012 0.000115
859     0.242886 0.239070 0.001262 0.000000 0.000013 0.000124
860     0.299336 0.296293 0.000747 0.000000 0.000011 0.000080
861     0.221784 0.219625 0.001046 0.000000 0.000006 0.000101
862     0.290375 0.286995 0.001145 0.000000 0.000008 0.000119
863     0.275818 0.272299 0.001189 0.000000 0.000011 0.000117
864     0.250826 0.247474 0.001234 0.000000 0.000011 0.000113
865     0.234976 0.231819 0.001411 0.000000 0.000012 0.000133
866     0.203033 0.200216 0.001118 0.000000 0.000012 0.000116
867     0.193428 0.191491 0.001028 0.000000 0.000005 0.000064
868     0.197297 0.194836 0.001232 0.000000 0.000011 0.000158
869     0.351061 0.348060 0.001200 0.000000 0.000009 0.000096
870     0.250310 0.246303 0.001570 0.000000 0.000013 0.000118
871     0.290590 0.286957 0.001300 0.000000 0.000013 0.000120
872     0.266774 0.263185 0.001321 0.000000 0.000011 0.000131
873     0.259687 0.256859 0.001433 0.000000 0.000013 0.000148
874     0.249210 0.246158 0.001249 0.000000 0.000012 0.000141
875     0.274648 0.271424 0.000992 0.000000 0.000007 0.000074
876     0.237216 0.233732 0.001289 0.000000 0.000013 0.000150
877     0.300671 0.297044 0.001223 0.000000 0.000012 0.000122
878     0.278834 0.274929 0.001225 0.000000 0.000013 0.000143
879     0.298119 0.295084 0.001422 0.000000 0.000012 0.000137
880     0.289333 0.286293 0.001066 0.000000 0.000012 0.000113
881     0.289306 0.285746 0.001036 0.000000 0.000007 0.000087
882     0.267338 0.263718 0.000827 0.000000 0.000006 0.000074
883     0.276393 0.272015 0.001209 0.000000 0.000008 0.000081
884     0.253170 0.249408 0.001242 0.000000 0.000013 0.000150
885     0.233648 0.230291 0.002094 0.000000 0.000013 0.000122
886     0.202715 0.200030 0.001218 0.000000 0.000013 0.000120
887     0.314525 0.311442 0.001224 0.000000 0.000008 0.000111
888     0.195205 0.192115 0.001090 0.000000 0.000015 0.000113
889     0.290138 0.287447 0.001197 0.000000 0.000010 0.000124
890     0.247541 0.244069 0.001051 0.000000 0.000012 0.000134
891     0.302839 0.300080 0.001231 0.000000 0.000006 0.000075
892     0.235347 0.232684 0.000944 0.000000 0.000008 0.000100
893     0.315122 0.312211 0.001106 0.000000 0.000009 0.000127
894     0.280044 0.276417 0.001100 0.000000 0.000012 0.000112
895     0.280023 0.276644 0.000864 0.000000 0.000006 0.000055
896     0.312292 0.310081 0.000792 0.000000 0.000007 0.000074
897     0.233471 0.231734 0.000809 0.000000 0.000006 0.000076
898     0.289873 0.287015 0.001233 0.000000 0.000012 0.000124
899     0.311040 0.307577 0.001151 0.000000 0.000013 0.000135
900     0.293717 0.290018 0.001131 0.000000 0.000010 0.000121
901     0.268761 0.265412 0.001075 0.000000 0.000013 0.000117
902     0.296350 0.293278 0.001085 0.000000 0.000013 0.000131
903     0.261382 0.258666 0.001013 0.000000 0.000010 0.000106
904     0.295835 0.292612 0.001356 0.000000 0.000013 0.000151
905     0.296783 0.292985 0.001008 0.000000 0.000013 0.000174
906     0.298222 0.294737 0.000975 0.000000 0.000013 0.000162
907     0.297281 0.293602 0.000781 0.000000 0.000011 0.000098
908     0.309906 0.306310 0.001468 0.000000 0.000013 0.000151
909     0.300349 0.297442 0.001250 0.000000 0.000013 0.000135
910     0.257566 0.253689 0.001359 0.000000 0.000013 0.000159
911     0.241089 0.237351 0.001205 0.000000 0.000012 0.000144
912     0.328646 0.324746 0.001193 0.000000 0.000008 0.000125
913     0.302412 0.299331 0.001013 0.000000 0.000006 0.000111
914     0.313635 0.310190 0.001329 0.000000 0.000012 0.000110
915     0.320403 0.317847 0.001185 0.000000 0.000012 0.000114
916     0.290126 0.285756 0.001205 0.000000 0.000012 0.000118
917     0.297934 0.294188 0.001228 0.000000 0.000013 0.000120
918     0.301066 0.297482 0.001072 0.000000 0.000011 0.000108
919     0.281519 0.278267 0.001323 0.000000 0.000012 0.000134
920     0.307136 0.303140 0.000817 0.000000 0.000006 0.000120
921     0.247645 0.244859 0.001313 0.000000 0.000022 0.000293
922     0.233414 0.230517 0.000898 0.000000 0.000007 0.000082
923     0.266375 0.263886 0.000910 0.000000 0.000007 0.000108
924     0.244538 0.240671 0.001025 0.000000 0.000006 0.000073
925     0.302113 0.298296 0.001128 0.000000 0.000009 0.000125
926     0.271231 0.267073 0.001165 0.000000 0.000006 0.000073
927     0.297485 0.294942 0.001161 0.000000 0.000008 0.000121
928     0.274473 0.270969 0.001059 0.000000 0.000007 0.000192
929     0.350655 0.346343 0.001468 0.000000 0.000013 0.000133
930     0.274572 0.271779 0.001141 0.000000 0.000011 0.000129
931     0.270258 0.266098 0.001283 0.000000 0.000013 0.000149
932     0.300498 0.296719 0.001047 0.000000 0.000012 0.000119
933     0.301986 0.299539 0.001274 0.000000 0.000012 0.000128
934     0.296264 0.292986 0.001138 0.000000 0.000014 0.000214
935     0.210242 0.206159 0.001033 0.000000 0.000012 0.000117
936     0.340797 0.336836 0.001486 0.000000 0.000013 0.000113
937     0.222011 0.218407 0.001115 0.000000 0.000012 0.000120
938     0.269072 0.265198 0.001055 0.000000 0.000013 0.000119
939     0.301479 0.298913 0.001061 0.000000 0.000011 0.000126
940     0.271530 0.268515 0.000771 0.000000 0.000007 0.000071
941     0.296663 0.293989 0.001081 0.000000 0.000012 0.000153
942     0.237370 0.234308 0.000813 0.000000 0.000007 0.000090
943     0.198457 0.196178 0.000838 0.000000 0.000014 0.000082
944     0.277745 0.275225 0.001035 0.000000 0.000013 0.000111
945     0.288669 0.286132 0.001057 0.000000 0.000006 0.000089
946     0.266627 0.263608 0.001233 0.000000 0.000007 0.000108
947     0.296648 0.293603 0.000988 0.000000 0.000008 0.000119
948     0.259935 0.256060 0.001366 0.000000 0.000007 0.000088
949     0.232076 0.228970 0.001248 0.000000 0.000013 0.000134
950     0.318028 0.313877 0.001260 0.000000 0.000012 0.000130
951     0.317758 0.315121 0.001212 0.000000 0.000012 0.000120
952     0.297764 0.294282 0.001319 0.000000 0.000013 0.000144
953     0.272283 0.267869 0.001063 0.000000 0.000007 0.000931
954     0.301291 0.297668 0.001214 0.000000 0.000012 0.000116
955     0.283061 0.279118 0.000863 0.000000 0.000005 0.000103
956     0.292876 0.289340 0.001269 0.000000 0.000013 0.000144
957     0.303247 0.300148 0.001447 0.000000 0.000006 0.000077
958     0.300434 0.297119 0.000903 0.000000 0.000008 0.000089
959     0.265537 0.262508 0.001185 0.000000 0.000012 0.000169
960     0.321607 0.317149 0.000934 0.000000 0.000010 0.000116
961     0.345283 0.341820 0.000976 0.000000 0.000007 0.000071
962     0.241512 0.238938 0.001056 0.000000 0.000012 0.000116
963     0.262679 0.260197 0.001041 0.000000 0.000012 0.000163
964     0.263823 0.259894 0.001084 0.000000 0.000012 0.000120
965     0.271746 0.268928 0.000797 0.000000 0.000007 0.000080
966     0.276912 0.273307 0.001170 0.000000 0.000013 0.000120
967     0.268285 0.264810 0.001133 0.000000 0.000011 0.000109
968     0.273863 0.270944 0.001268 0.000000 0.000012 0.000151
969     0.300451 0.297551 0.001140 0.000000 0.000012 0.000117
970     0.255402 0.252163 0.001212 0.000000 0.000013 0.000119
971     0.236719 0.233957 0.001107 0.000000 0.000010 0.000122
972     0.257760 0.253907 0.001036 0.000000 0.000010 0.000089
973     0.264320 0.260685 0.001117 0.000000 0.000013 0.000116
974     0.301505 0.297607 0.001276 0.000000 0.000013 0.000151
975     0.271513 0.269029 0.001301 0.000000 0.000012 0.000176
976     0.291237 0.287803 0.001131 0.000000 0.000012 0.000144
977     0.299702 0.296111 0.001051 0.000000 0.000008 0.000107
978     0.248684 0.244794 0.001424 0.000000 0.000011 0.000146
979     0.299178 0.295186 0.001038 0.000000 0.000009 0.000123
980     0.273031 0.269829 0.000921 0.000000 0.000006 0.000137
981     0.241273 0.238862 0.001241 0.000000 0.000012 0.000142
982     0.287738 0.283766 0.001229 0.000000 0.000017 0.000121
983     0.278347 0.274246 0.001222 0.000000 0.000013 0.000138
984     0.250837 0.245959 0.001115 0.000000 0.000012 0.000120
985     0.302279 0.299041 0.001225 0.000000 0.000013 0.000131
986     0.280593 0.276518 0.001020 0.000000 0.000013 0.000123
987     0.267507 0.264109 0.001135 0.000000 0.000012 0.000123
988     0.250611 0.247882 0.001101 0.000000 0.000011 0.000111
989     0.270658 0.267541 0.001013 0.000000 0.000006 0.000086
990     0.271766 0.269308 0.000789 0.000000 0.000006 0.000138
991     0.270354 0.267537 0.001142 0.000000 0.000013 0.000122
992     0.254540 0.251406 0.000893 0.000000 0.000006 0.000087
993     0.214967 0.213116 0.000854 0.000000 0.000006 0.000080
994     0.333382 0.330887 0.000692 0.000000 0.000005 0.000065
995     0.199748 0.197273 0.001033 0.000000 0.000011 0.000182
996     0.279934 0.276716 0.000824 0.000000 0.000006 0.000090
997     0.258962 0.255336 0.001002 0.000000 0.000008 0.000107
998     0.240540 0.237740 0.001044 0.000000 0.000011 0.000107
999     0.280741 0.278481 0.000816 0.000000 0.000006 0.000093
1000     0.384523 0.380951 0.001269 0.000000 0.000012 0.000115
1001     0.304608 0.301583 0.001092 0.000000 0.000009 0.000100
1002     0.313104 0.309164 0.001252 0.000000 0.000012 0.000146
1003     0.277442 0.273664 0.001084 0.000000 0.000012 0.000122
1004     0.310065 0.306423 0.000876 0.000000 0.000009 0.000134
1005     0.273637 0.271235 0.001010 0.000000 0.000006 0.000110
1006     0.276174 0.273497 0.001167 0.000000 0.000013 0.000122
1007     0.294907 0.291362 0.001048 0.000000 0.000008 0.000137
1008     0.292365 0.288040 0.001009 0.000000 0.000012 0.000119
1009     0.323050 0.319916 0.001019 0.000000 0.000007 0.000134
1010     0.241354 0.237630 0.001075 0.000000 0.000011 0.000116
1011     0.299423 0.296740 0.001195 0.000000 0.000008 0.000137
1012     0.255471 0.252725 0.000959 0.000000 0.000007 0.000126
1013     0.311575 0.307993 0.000866 0.000000 0.000013 0.000122
1014     0.272375 0.269226 0.001027 0.000000 0.000011 0.000109
1015     0.279643 0.276146 0.000893 0.000000 0.000006 0.000082
1016     0.307367 0.303944 0.001097 0.000000 0.000013 0.000120
1017     0.300820 0.298556 0.000771 0.000000 0.000007 0.000086
1018     0.270452 0.267158 0.000937 0.000000 0.000012 0.000115
1019     0.247569 0.245207 0.000811 0.000000 0.000005 0.000060
1020     0.218284 0.215675 0.000961 0.000000 0.000012 0.000112
1021     0.298591 0.295654 0.000878 0.000000 0.000011 0.000101
1022     0.269652 0.266867 0.000981 0.000000 0.000013 0.000120
1023     0.266019 0.263753 0.001086 0.000000 0.000012 0.000124
1024     0.280830 0.277745 0.001197 0.000000 0.000013 0.000122
1025     0.228820 0.225687 0.000635 0.000000 0.000005 0.000064
1026     0.192613 0.190391 0.000998 0.000000 0.000012 0.000107
1027     0.295135 0.292258 0.001091 0.000000 0.000012 0.000114
1028     0.301471 0.298242 0.000990 0.000000 0.000012 0.000117
1029     0.296452 0.293942 0.001148 0.000000 0.000013 0.000124
1030     0.270681 0.267586 0.000769 0.000000 0.000006 0.000088
1031     0.303641 0.300933 0.001278 0.000000 0.000012 0.000123
1032     0.322704 0.318760 0.001414 0.000000 0.000009 0.000094
1033     0.248837 0.245971 0.000840 0.000000 0.000006 0.000096
1034     0.241819 0.239184 0.001088 0.000000 0.000017 0.000162
1035     0.301337 0.298696 0.000899 0.000000 0.000007 0.000113
1036     0.270246 0.267320 0.001076 0.000000 0.000013 0.000120
1037     0.269736 0.266961 0.000796 0.000000 0.000006 0.000085
1038     0.299473 0.296519 0.000934 0.000000 0.000009 0.000075
1039     0.261218 0.258278 0.001064 0.000000 0.000013 0.000138
1040     0.322266 0.318501 0.001212 0.000000 0.000013 0.000128
1041     0.303565 0.301070 0.000909 0.000000 0.000006 0.000083
1042     0.236017 0.233281 0.001244 0.000000 0.000011 0.000123
1043     0.326640 0.323448 0.000947 0.000000 0.000006 0.000071
1044     0.285199 0.281165 0.001119 0.000000 0.000008 0.000160
1045     0.249145 0.245507 0.001400 0.000000 0.000015 0.000127
1046     0.273208 0.269789 0.001040 0.000000 0.000011 0.000122
1047     0.277954 0.275440 0.001186 0.000000 0.000007 0.000085
1048     0.270189 0.266527 0.001612 0.000000 0.000017 0.000122
1049     0.272725 0.268506 0.000791 0.000000 0.000011 0.000114
1050     0.309009 0.304929 0.001038 0.000000 0.000007 0.000080
1051     0.242884 0.240343 0.000781 0.000000 0.000006 0.000101
1052     0.221688 0.219105 0.000889 0.000000 0.000005 0.000067
1053     0.234117 0.232341 0.000855 0.000000 0.000006 0.000077
1054     0.234920 0.232544 0.000949 0.000000 0.000006 0.000072
1055     0.205369 0.202865 0.001093 0.000000 0.000012 0.000120
1056     0.310229 0.306061 0.000895 0.000000 0.000007 0.000084
1057     0.280980 0.278157 0.001168 0.000000 0.000007 0.000079
1058     0.235831 0.233369 0.000812 0.000000 0.000006 0.000071
1059     0.236056 0.233782 0.001109 0.000000 0.000013 0.000115
1060     0.295101 0.291735 0.001081 0.000000 0.000012 0.000130
1061     0.264606 0.260974 0.001047 0.000000 0.000013 0.000122
1062     0.197948 0.195098 0.001096 0.000000 0.000012 0.000113
1063     0.304328 0.301507 0.001216 0.000000 0.000011 0.000120
1064     0.296216 0.292097 0.001057 0.000000 0.000012 0.000119
1065     0.272819 0.270013 0.001113 0.000000 0.000013 0.000123
1066     0.303179 0.299715 0.000761 0.000000 0.000007 0.000081
1067     0.255220 0.252864 0.000680 0.000000 0.000005 0.000056
1068     0.229011 0.225860 0.000738 0.000000 0.000006 0.000074
1069     0.324606 0.320792 0.001191 0.000000 0.000013 0.000171
1070     0.269982 0.266723 0.001008 0.000000 0.000013 0.000116
1071     0.266532 0.263931 0.000877 0.000000 0.000006 0.000079
1072     0.253617 0.250080 0.000833 0.000000 0.000007 0.000075
1073     0.240621 0.237250 0.000866 0.000000 0.000007 0.000075
1074     0.277974 0.274343 0.000956 0.000000 0.000014 0.000121
1075     0.239080 0.236461 0.000981 0.000000 0.000010 0.000099
1076     0.259648 0.256884 0.000998 0.000000 0.000007 0.000071
1077     0.265040 0.261972 0.001237 0.000000 0.000013 0.000144
1078     0.268015 0.264352 0.001159 0.000000 0.000013 0.000129
1079     0.280125 0.277371 0.000795 0.000000 0.000005 0.000097
1080     0.230182 0.227517 0.000675 0.000000 0.000006 0.000063
1081     0.300720 0.296752 0.000867 0.000000 0.000007 0.000081
1082     0.269477 0.265992 0.000990 0.000000 0.000007 0.000075
1083     0.304312 0.302027 0.000836 0.000000 0.000006 0.000079
1084     0.240158 0.236752 0.000954 0.000000 0.000007 0.000083
1085     0.318671 0.314910 0.001084 0.000000 0.000012 0.000133
1086     0.296146 0.292672 0.000738 0.000000 0.000007 0.000074
1087     0.293926 0.290536 0.001115 0.000000 0.000014 0.000121
1088     0.284681 0.281997 0.001173 0.000000 0.000013 0.000134
1089     0.282944 0.280622 0.000971 0.000000 0.000007 0.000108
1090     0.279116 0.276004 0.001042 0.000000 0.000007 0.000083
1091     0.300027 0.296502 0.001026 0.000000 0.000012 0.000129
1092     0.268680 0.265124 0.001050 0.000000 0.000006 0.000066
1093     0.258347 0.254350 0.001137 0.000000 0.000006 0.000074
1094     0.242940 0.239253 0.001165 0.000000 0.000006 0.000071
1095     0.306418 0.303785 0.001139 0.000000 0.000013 0.000144
1096     0.277237 0.273997 0.001068 0.000000 0.000007 0.000082
1097     0.259740 0.256311 0.001198 0.000000 0.000007 0.000075
1098     0.243996 0.240422 0.001143 0.000000 0.000007 0.000079
1099     0.304124 0.300242 0.001097 0.000000 0.000011 0.000112
1100     0.306986 0.304059 0.001114 0.000000 0.000007 0.000077
1101     0.304268 0.301918 0.001095 0.000000 0.000012 0.000112
1102     0.302019 0.299132 0.001018 0.000000 0.000007 0.000075
1103     0.331742 0.328426 0.001004 0.000000 0.000013 0.000139
1104     0.257238 0.253749 0.001052 0.000000 0.000007 0.000071
1105     0.233843 0.231033 0.000988 0.000000 0.000006 0.000051
1106     0.209641 0.206791 0.000736 0.000000 0.000006 0.000063
1107     0.286485 0.283854 0.001171 0.000000 0.000006 0.000100
1108     0.270060 0.266446 0.001462 0.000000 0.000010 0.000111
1109     0.265613 0.261920 0.001510 0.000000 0.000008 0.000100
1110     0.238721 0.234308 0.001918 0.000000 0.000005 0.000085
1111     0.301129 0.297767 0.001235 0.000000 0.000008 0.000082
1112     0.245402 0.242016 0.001071 0.000000 0.000007 0.000076
1113     0.241843 0.238793 0.001835 0.000000 0.000013 0.000116
1114     0.252690 0.248849 0.001052 0.000000 0.000007 0.000069
1115     0.246815 0.243098 0.001225 0.000000 0.000007 0.000070
1116     0.243446 0.238948 0.001130 0.000000 0.000006 0.000068
1117     0.274657 0.271371 0.001102 0.000000 0.000006 0.000079
1118     0.241916 0.238146 0.001180 0.000000 0.000007 0.000078
1119     0.277455 0.274877 0.001159 0.000000 0.000007 0.000070
1120     0.315530 0.312053 0.001107 0.000000 0.000012 0.000138
1121     0.278214 0.275085 0.001197 0.000000 0.000007 0.000076
1122     0.244529 0.240372 0.001162 0.000000 0.000006 0.000100
1123     0.293454 0.289654 0.001103 0.000000 0.000006 0.000083
1124     0.294487 0.291059 0.001031 0.000000 0.000013 0.000118
1125     0.266759 0.263807 0.000991 0.000000 0.000007 0.000072
1126     0.284346 0.281169 0.001115 0.000000 0.000013 0.000128
1127     0.302852 0.299680 0.001097 0.000000 0.000007 0.000088
1128     0.263882 0.259628 0.000906 0.000000 0.000007 0.000078
1129     0.254074 0.251368 0.001224 0.000000 0.000007 0.000077
1130     0.241980 0.239438 0.001058 0.000000 0.000006 0.000075
1131     0.242586 0.240609 0.001004 0.000000 0.000006 0.000074
1132     0.209802 0.207436 0.000954 0.000000 0.000005 0.000061
1133     0.217589 0.215109 0.001086 0.000000 0.000006 0.000077
1134     0.319009 0.315601 0.001021 0.000000 0.000012 0.000111
1135     0.274661 0.271626 0.001119 0.000000 0.000013 0.000126
1136     0.274413 0.271202 0.001062 0.000000 0.000013 0.000142
1137     0.294314 0.291733 0.001118 0.000000 0.000007 0.000076
1138     0.281085 0.277506 0.000958 0.000000 0.000011 0.000098
1139     0.310359 0.307461 0.001003 0.000000 0.000007 0.000076
1140     0.315409 0.313218 0.001160 0.000000 0.000013 0.000115
1141     0.212715 0.208948 0.001092 0.000000 0.000013 0.000118
1142     0.254271 0.250549 0.001312 0.000000 0.000013 0.000135
1143     0.302170 0.297823 0.002114 0.000000 0.000030 0.000151
1144     0.256994 0.254007 0.001169 0.000000 0.000013 0.000141
1145     0.315232 0.312085 0.001117 0.000000 0.000013 0.000261
1146     0.274981 0.271523 0.001101 0.000000 0.000013 0.000112
1147     0.270883 0.267805 0.000985 0.000000 0.000006 0.000079
1148     0.306995 0.303067 0.001238 0.000000 0.000014 0.000171
1149     0.268413 0.265898 0.001208 0.000000 0.000013 0.000236
1150     0.281212 0.278192 0.001078 0.000000 0.000006 0.000082
1151     0.315444 0.311141 0.001116 0.000000 0.000009 0.000112
1152     0.293050 0.289272 0.001450 0.000000 0.000014 0.000147
1153     0.285619 0.281668 0.001238 0.000000 0.000013 0.000144
1154     0.257379 0.254651 0.000785 0.000000 0.000005 0.000062
1155     0.274167 0.271274 0.001280 0.000000 0.000012 0.000097
1156     0.297076 0.293931 0.000873 0.000000 0.000006 0.000071
1157     0.249000 0.246507 0.000925 0.000000 0.000007 0.000076
1158     0.297372 0.293655 0.001175 0.000000 0.000013 0.000118
1159     0.313218 0.309633 0.001316 0.000000 0.000013 0.000236
1160     0.245840 0.242473 0.001691 0.000000 0.000016 0.000161
1161     0.273216 0.270361 0.001114 0.000000 0.000012 0.000123
1162     0.273705 0.270357 0.000855 0.000000 0.000007 0.000081
1163     0.238907 0.236687 0.000757 0.000000 0.000006 0.000100
1164     0.200930 0.198412 0.000730 0.000000 0.000007 0.000107
1165     0.288498 0.285108 0.001077 0.000000 0.000012 0.000119
1166     0.198900 0.195723 0.000982 0.000000 0.000013 0.000116
1167     0.199272 0.197287 0.000976 0.000000 0.000013 0.000118
1168     0.204722 0.202113 0.000937 0.000000 0.000013 0.000115
1169     0.279086 0.276051 0.001042 0.000000 0.000013 0.000120
1170     0.316555 0.312495 0.001926 0.000000 0.000011 0.000120
1171     0.281013 0.277351 0.001072 0.000000 0.000013 0.000128
1172     0.291447 0.287705 0.001421 0.000000 0.000008 0.000081
1173     0.283077 0.280584 0.001100 0.000000 0.000012 0.000116
1174     0.343415 0.339238 0.001344 0.000000 0.000013 0.000138
1175     0.301206 0.297039 0.001219 0.000000 0.000013 0.000218
1176     0.281687 0.277130 0.000881 0.000000 0.000008 0.000095
1177     0.319494 0.316441 0.001229 0.000000 0.000006 0.000074
1178     0.245909 0.243403 0.001008 0.000000 0.000007 0.000072
1179     0.248092 0.246133 0.001031 0.000000 0.000006 0.000074
1180     0.307625 0.304966 0.000911 0.000000 0.000007 0.000079
1181     0.298213 0.295603 0.001001 0.000000 0.000006 0.000076
1182     0.276543 0.272621 0.001180 0.000000 0.000013 0.000128
1183     0.280677 0.276929 0.000946 0.000000 0.000007 0.000104
1184     0.299882 0.296699 0.000990 0.000000 0.000007 0.000087
1185     0.277418 0.274359 0.001593 0.000000 0.000013 0.000120
1186     0.283553 0.280366 0.001252 0.000000 0.000013 0.000191
1187     0.285646 0.282440 0.001043 0.000000 0.000013 0.000121
1188     0.291891 0.287396 0.000893 0.000000 0.000008 0.000096
1189     0.271768 0.268084 0.001144 0.000000 0.000013 0.000121
1190     0.273969 0.271270 0.000737 0.000000 0.000012 0.000109
1191     0.301533 0.299231 0.000959 0.000000 0.000006 0.000097
1192     0.259784 0.257033 0.001146 0.000000 0.000080 0.000124
1193     0.320085 0.316706 0.001043 0.000000 0.000006 0.000093
1194     0.280645 0.275435 0.001555 0.000000 0.000132 0.000267
1195     0.252201 0.248727 0.001163 0.000000 0.000012 0.000121
1196     0.302881 0.299680 0.001472 0.000000 0.000006 0.000077
1197     0.297080 0.294636 0.001394 0.000000 0.000012 0.000116
1198     0.338127 0.334374 0.001095 0.000000 0.000006 0.000075
1199     0.249681 0.245791 0.001335 0.000000 0.000012 0.000132
1200     0.307054 0.303733 0.000001 0.000000 0.000000 0.000000
1201     0.292427 0.284708 0.001092 0.000000 0.000011 0.000130
1202     0.257609 0.254833 0.001013 0.000000 0.000011 0.000108
1203     0.257464 0.255243 0.001104 0.000000 0.000013 0.000120
1204     0.224522 0.221848 0.001042 0.000000 0.000011 0.000111
1205     0.213298 0.210294 0.001094 0.000000 0.000011 0.000107
1206     0.301797 0.298910 0.000922 0.000000 0.000011 0.000157
1207     0.265242 0.261915 0.001014 0.000000 0.000013 0.000110
1208     0.316075 0.312490 0.001115 0.000000 0.000013 0.000128
1209     0.299235 0.295736 0.001279 0.000000 0.000013 0.000135
1210     0.312288 0.307688 0.001244 0.000000 0.000012 0.000139
1211     0.284425 0.279881 0.001313 0.000000 0.000012 0.000143
1212     0.315306 0.310450 0.001131 0.000000 0.000013 0.000119
1213     0.280096 0.276215 0.001152 0.000000 0.000012 0.000124
1214     0.277209 0.274159 0.001147 0.000000 0.000020 0.000119
1215     0.247696 0.245400 0.001032 0.000000 0.000012 0.000182
1216     0.324618 0.321685 0.000966 0.000000 0.000012 0.000173
1217     0.309795 0.306187 0.001000 0.000000 0.000009 0.000146
1218     0.314978 0.312087 0.001032 0.000000 0.000013 0.000121
1219     0.282661 0.279047 0.001162 0.000000 0.000015 0.000116
1220     0.281100 0.276135 0.001986 0.000000 0.000028 0.000160
1221     0.312486 0.309975 0.001048 0.000000 0.000013 0.000125
1222     0.286937 0.284040 0.000922 0.000000 0.000006 0.000163
1223     0.318672 0.314161 0.001122 0.000000 0.000015 0.000123
1224     0.283552 0.278986 0.001147 0.000000 0.000007 0.000077
1225     0.307541 0.303654 0.001011 0.000000 0.000013 0.000120
1226     0.264906 0.261995 0.001092 0.000000 0.000013 0.000119
1227     0.309082 0.306526 0.001009 0.000000 0.000013 0.000119
1228     0.300885 0.297822 0.000865 0.000000 0.000007 0.000079
1229     0.305994 0.302434 0.001009 0.000000 0.000007 0.000101
1230     0.274497 0.271562 0.001019 0.000000 0.000013 0.000121
1231     0.311347 0.307255 0.001139 0.000000 0.000013 0.000115
1232     0.318098 0.315003 0.001258 0.000000 0.000011 0.000151
1233     0.305730 0.303088 0.001276 0.000000 0.000012 0.000149
1234     0.280986 0.278033 0.000884 0.000000 0.000013 0.000183
1235     0.288006 0.283818 0.001286 0.000000 0.000013 0.000143
1236     0.280420 0.276649 0.001034 0.000000 0.000007 0.000112
1237     0.247202 0.244091 0.001091 0.000000 0.000007 0.000111
1238     0.284344 0.281487 0.001101 0.000000 0.000006 0.000075
1239     0.327820 0.324621 0.001710 0.000000 0.000013 0.000141
1240     0.270459 0.266609 0.001268 0.000000 0.000007 0.000072
1241     0.250037 0.246109 0.001467 0.000000 0.000013 0.000132
1242     0.280084 0.276419 0.001322 0.000000 0.000008 0.000092
1243     0.245993 0.243301 0.001044 0.000000 0.000007 0.000077
1244     0.241117 0.238630 0.001054 0.000000 0.000012 0.000111
1245     0.272659 0.269332 0.001003 0.000000 0.000007 0.000076
1246     0.252059 0.248851 0.000953 0.000000 0.000007 0.000075
1247     0.210979 0.208652 0.000912 0.000000 0.000006 0.000073
1248     0.326934 0.322751 0.001052 0.000000 0.000012 0.000137
1249     0.276069 0.272834 0.001238 0.000000 0.000013 0.000113
1250     0.279371 0.275746 0.001127 0.000000 0.000013 0.000117
1251     0.285039 0.282184 0.001489 0.000000 0.000029 0.000093
1252     0.281842 0.278842 0.001121 0.000000 0.000013 0.000127
1253     0.312022 0.308536 0.001393 0.000000 0.000013 0.000134
1254     0.316018 0.312408 0.000784 0.000000 0.000007 0.000081
1255     0.250027 0.247434 0.000749 0.000000 0.000006 0.000081
1256     0.277276 0.273910 0.001227 0.000000 0.000013 0.000120
1257     0.286918 0.284305 0.001068 0.000000 0.000013 0.000127
1258     0.268462 0.266844 0.000001 0.000000 0.000000 0.000000
1259     0.299165 0.291724 0.001466 0.000000 0.000011 0.000089
1260     0.269709 0.264466 0.001675 0.000000 0.000009 0.000103
1261     0.311050 0.306878 0.001437 0.000000 0.000013 0.000132
1262     0.294376 0.291374 0.001058 0.000000 0.000008 0.000085
1263     0.310898 0.308553 0.001312 0.000000 0.000013 0.000129
1264     0.304672 0.301037 0.001317 0.000000 0.000009 0.000088
1265     0.278574 0.275263 0.001270 0.000000 0.000012 0.000141
1266     0.318942 0.314436 0.001183 0.000000 0.000008 0.000083
1267     0.280542 0.276720 0.001266 0.000000 0.000013 0.000145
1268     0.291879 0.288690 0.001364 0.000000 0.000012 0.000105
1269     0.284214 0.280925 0.001237 0.000000 0.000012 0.000149
1270     0.287733 0.283777 0.001347 0.000000 0.000012 0.000115
1271     0.309991 0.307206 0.001092 0.000000 0.000007 0.000150
1272     0.283718 0.279281 0.001160 0.000000 0.000007 0.000080
1273     0.307169 0.302846 0.002218 0.000000 0.000013 0.000113
1274     0.303266 0.299259 0.001295 0.000000 0.000012 0.000273
1275     0.321848 0.318257 0.002020 0.000000 0.000013 0.000136
1276     0.283425 0.279271 0.001270 0.000000 0.000007 0.000075
1277     0.275887 0.272042 0.001060 0.000000 0.000007 0.000116
1278     0.248065 0.245160 0.001093 0.000000 0.000013 0.000143
1279     0.302361 0.298556 0.001432 0.000000 0.000007 0.000086
1280     0.279565 0.275129 0.001214 0.000000 0.000012 0.000197
1281     0.244964 0.242534 0.001319 0.000000 0.000014 0.000122
1282     0.310167 0.307406 0.000740 0.000000 0.000008 0.000077
1283     0.269481 0.266396 0.001283 0.000000 0.000008 0.000069
1284     0.281930 0.279064 0.000917 0.000000 0.000007 0.000077
1285     0.304209 0.300228 0.001418 0.000000 0.000012 0.000121
1286     0.331583 0.327816 0.001329 0.000000 0.000007 0.000077
1287     0.302793 0.300140 0.001181 0.000000 0.000006 0.000074
1288     0.320226 0.316614 0.001115 0.000000 0.000007 0.000074
1289     0.310717 0.307720 0.001367 0.000000 0.000012 0.000103
1290     0.312673 0.309802 0.001152 0.000000 0.000006 0.000076
1291     0.303314 0.300755 0.000920 0.000000 0.000014 0.000163
1292     0.312685 0.308636 0.001560 0.000000 0.000012 0.000149
1293     0.275560 0.272826 0.001232 0.000000 0.000013 0.000143
1294     0.313819 0.309987 0.001129 0.000000 0.000006 0.000077
1295     0.283835 0.280997 0.001137 0.000000 0.000008 0.000079
1296     0.296501 0.293194 0.001265 0.000000 0.000007 0.000099
1297     0.224363 0.221658 0.001075 0.000000 0.000006 0.000062
1298     0.197942 0.194689 0.001986 0.000000 0.000006 0.000086
1299     0.204217 0.201887 0.001404 0.000000 0.000011 0.000110
1300     0.313110 0.310391 0.001089 0.000000 0.000005 0.000071
1301     0.281756 0.279069 0.001297 0.000000 0.000012 0.000115
1302     0.306325 0.303207 0.001129 0.000000 0.000013 0.000115
1303     0.308980 0.305176 0.001247 0.000000 0.000007 0.000072
1304     0.309765 0.306134 0.001278 0.000000 0.000012 0.000151
1305     0.285383 0.282111 0.001630 0.000000 0.000006 0.000078
1306     0.248368 0.245177 0.001105 0.000000 0.000007 0.000074
1307     0.338503 0.334942 0.001210 0.000000 0.000013 0.000119
1308     0.309888 0.306349 0.000972 0.000000 0.000007 0.000084
1309     0.278917 0.274458 0.001498 0.000000 0.000013 0.000119
1310     0.283114 0.279265 0.001188 0.000000 0.000013 0.000119
1311     0.294261 0.291823 0.000978 0.000000 0.000006 0.000076
1312     0.284381 0.280762 0.001335 0.000000 0.000012 0.000115
1313     0.251232 0.248352 0.001132 0.000000 0.000013 0.000130
1314     0.317126 0.314133 0.001053 0.000000 0.000011 0.000102
1315     0.294208 0.290091 0.001150 0.000000 0.000007 0.000073
1316     0.284255 0.280264 0.001364 0.000000 0.000007 0.000080
1317     0.335654 0.333165 0.001334 0.000000 0.000012 0.000142
1318     0.316698 0.312678 0.001427 0.000000 0.000012 0.000112
1319     0.282351 0.278411 0.001332 0.000000 0.000016 0.000124
1320     0.247958 0.244367 0.001266 0.000000 0.000012 0.000100
1321     0.304302 0.300455 0.001117 0.000000 0.000013 0.000124
1322     0.280330 0.277222 0.001241 0.000000 0.000015 0.000128
1323     0.313402 0.310878 0.000958 0.000000 0.000007 0.000076
1324     0.281943 0.278168 0.000979 0.000000 0.000007 0.000102
1325     0.289601 0.286214 0.000923 0.000000 0.000008 0.000080
1326     0.281860 0.279324 0.000980 0.000000 0.000007 0.000073
1327     0.259037 0.256106 0.000868 0.000000 0.000005 0.000066
1328     0.247773 0.245528 0.000988 0.000000 0.000005 0.000065
1329     0.234965 0.233444 0.000718 0.000000 0.000008 0.000073
1330     0.236161 0.233898 0.000923 0.000000 0.000017 0.000064
1331     0.236373 0.234303 0.000857 0.000000 0.000006 0.000061
1332     0.301016 0.297833 0.001267 0.000000 0.000011 0.000125
1333     0.315969 0.311934 0.001399 0.000000 0.000013 0.000148
1334     0.273467 0.269542 0.001313 0.000000 0.000012 0.000101
1335     0.305649 0.303033 0.001216 0.000000 0.000008 0.000082
1336     0.355953 0.351870 0.001731 0.000000 0.000010 0.000100
1337     0.274983 0.272398 0.000951 0.000000 0.000007 0.000086
1338     0.294373 0.291383 0.001019 0.000000 0.000007 0.000076
1339     0.338474 0.336035 0.001710 0.000000 0.000007 0.000074
