1     2.188803 0.315309 0.003516 0.000000 0.000008 0.000217
2     0.355658 0.352889 0.000943 0.000000 0.000013 0.000130
3     0.355615 0.351798 0.000928 0.000000 0.000008 0.000074
4     0.301996 0.299710 0.000806 0.000000 0.000007 0.000076
5     0.267627 0.265123 0.001005 0.000000 0.000012 0.000112
6     0.314898 0.312283 0.000764 0.000000 0.000006 0.000087
7     0.252300 0.249187 0.000870 0.000000 0.000005 0.000082
8     0.303420 0.300812 0.001026 0.000000 0.000014 0.000123
9     0.251000 0.248944 0.000983 0.000000 0.000011 0.000108
10     0.293457 0.290892 0.000885 0.000000 0.000006 0.000077
11     0.260208 0.257936 0.000835 0.000000 0.000006 0.000069
12     0.233409 0.230186 0.000978 0.000000 0.000006 0.000082
13     0.227055 0.223228 0.001232 0.000000 0.000006 0.000083
14     0.225803 0.223284 0.000854 0.000000 0.000007 0.000073
15     0.248547 0.246503 0.000921 0.000000 0.000010 0.000106
16     0.255892 0.252545 0.001455 0.000000 0.000012 0.000126
17     0.264497 0.261645 0.001112 0.000000 0.000013 0.000123
18     0.279962 0.277087 0.000863 0.000000 0.000006 0.000076
19     0.267625 0.264426 0.000901 0.000000 0.000006 0.000073
20     0.247705 0.245204 0.001016 0.000000 0.000006 0.000088
21     0.225992 0.224290 0.000810 0.000000 0.000006 0.000073
22     0.223972 0.221506 0.000826 0.000000 0.000006 0.000092
23     0.212490 0.210252 0.000797 0.000000 0.000006 0.000061
24     0.221633 0.218917 0.000852 0.000000 0.000006 0.000068
25     0.193186 0.190708 0.001115 0.000000 0.000006 0.000088
26     0.198722 0.196303 0.000912 0.000000 0.000005 0.000072
27     0.266076 0.263615 0.001123 0.000000 0.000012 0.000118
28     0.329456 0.326366 0.000980 0.000000 0.000008 0.000084
29     0.250818 0.247585 0.000808 0.000000 0.000007 0.000069
30     0.285414 0.281563 0.001256 0.000000 0.000012 0.000120
31     0.277745 0.274894 0.000959 0.000000 0.000006 0.000072
32     0.262785 0.260323 0.000867 0.000000 0.000007 0.000097
33     0.271697 0.265586 0.001612 0.000000 0.000009 0.000099
34     0.239377 0.237028 0.000889 0.000000 0.000007 0.000084
35     0.198520 0.196282 0.000910 0.000000 0.000006 0.000079
36     0.214308 0.211365 0.001008 0.000000 0.000010 0.000113
37     0.292366 0.288624 0.001282 0.000000 0.000011 0.000150
38     0.254316 0.250573 0.001233 0.000000 0.000012 0.000155
39     0.248586 0.245760 0.001155 0.000000 0.000012 0.000129
40     0.303206 0.298625 0.001309 0.000000 0.000009 0.000107
41     0.309830 0.306282 0.000985 0.000000 0.000009 0.000122
42     0.237520 0.233670 0.001112 0.000000 0.000011 0.000897
43     0.277492 0.274343 0.001021 0.000000 0.000010 0.000082
44     0.274266 0.271187 0.001145 0.000000 0.000008 0.000102
45     0.258188 0.255766 0.001117 0.000000 0.000012 0.000132
46     0.289974 0.286920 0.001043 0.000000 0.000007 0.000125
47     0.246993 0.243872 0.001175 0.000000 0.000009 0.000104
48     0.265488 0.262090 0.000972 0.000000 0.000008 0.000090
49     0.250848 0.247593 0.001063 0.000000 0.000013 0.000113
50     0.218839 0.215552 0.001731 0.000000 0.000006 0.000088
51     0.273538 0.270135 0.002428 0.000000 0.000014 0.000116
52     0.248648 0.245076 0.001204 0.000000 0.000011 0.000118
53     0.280771 0.277749 0.001058 0.000000 0.000006 0.000112
54     0.278959 0.276667 0.000782 0.000000 0.000007 0.000084
55     0.317126 0.314299 0.001293 0.000000 0.000012 0.000189
56     0.303006 0.298756 0.001835 0.000000 0.000028 0.000153
57     0.270822 0.268160 0.000976 0.000000 0.000007 0.000103
58     0.277236 0.274261 0.001363 0.000000 0.000013 0.000124
59     0.278614 0.274758 0.001307 0.000000 0.000013 0.000134
60     0.277978 0.272102 0.001400 0.000000 0.000013 0.000113
61     0.300935 0.297207 0.001223 0.000000 0.000006 0.000116
62     0.333997 0.330928 0.001341 0.000000 0.000012 0.000123
63     0.277647 0.274434 0.001085 0.000000 0.000010 0.000134
64     0.276580 0.273270 0.001100 0.000000 0.000013 0.000132
65     0.319553 0.315465 0.001097 0.000000 0.000007 0.000096
66     0.294219 0.290314 0.001364 0.000000 0.000013 0.000149
67     0.266359 0.262702 0.001045 0.000000 0.000010 0.000100
68     0.250135 0.246912 0.001084 0.000000 0.000010 0.000117
69     0.251406 0.248971 0.000987 0.000000 0.000009 0.000095
70     0.254435 0.251286 0.000829 0.000000 0.000007 0.000088
71     0.239609 0.236812 0.001026 0.000000 0.000010 0.000106
72     0.252667 0.249756 0.000815 0.000000 0.000008 0.000080
73     0.254462 0.251548 0.001211 0.000000 0.000014 0.000141
74     0.212233 0.210037 0.000953 0.000000 0.000012 0.000183
75     0.264982 0.262329 0.001295 0.000000 0.000011 0.000116
76     0.268337 0.265089 0.001232 0.000000 0.000013 0.000133
77     0.282626 0.278793 0.001101 0.000000 0.000013 0.000143
78     0.275147 0.271929 0.001277 0.000000 0.000012 0.000125
79     0.284564 0.280716 0.001256 0.000000 0.000013 0.000141
80     0.296236 0.293289 0.001082 0.000000 0.000012 0.000137
81     0.240542 0.237817 0.001135 0.000000 0.000013 0.000129
82     0.270106 0.266346 0.001031 0.000000 0.000008 0.000099
83     0.284503 0.281023 0.000951 0.000000 0.000012 0.000124
84     0.317733 0.313887 0.001144 0.000000 0.000015 0.000144
85     0.351230 0.347633 0.000929 0.000000 0.000006 0.000099
86     0.249000 0.244957 0.002456 0.000000 0.000006 0.000086
87     0.286769 0.284620 0.001011 0.000000 0.000007 0.000108
88     0.270153 0.266549 0.001989 0.000000 0.000016 0.000145
89     0.273630 0.268179 0.001459 0.000000 0.000017 0.000177
90     0.273284 0.269432 0.001012 0.000000 0.000013 0.000121
91     0.265954 0.262839 0.001006 0.000000 0.000012 0.000122
92     0.265534 0.261968 0.001054 0.000000 0.000013 0.000166
93     0.305952 0.303579 0.000772 0.000000 0.000013 0.000145
94     0.277134 0.273641 0.000985 0.000000 0.000013 0.000111
95     0.266875 0.261768 0.001062 0.000000 0.000027 0.000161
96     0.277228 0.272743 0.001093 0.000000 0.000020 0.000100
97     0.302494 0.299540 0.001167 0.000000 0.000011 0.000129
98     0.256005 0.252857 0.001332 0.000000 0.000012 0.000121
99     0.240001 0.237534 0.001239 0.000000 0.000014 0.000129
100     0.265633 0.262520 0.001195 0.000000 0.000012 0.000117
101     0.329241 0.325257 0.000975 0.000000 0.000007 0.000081
102     0.274968 0.271369 0.000974 0.000000 0.000014 0.000138
103     0.296984 0.294109 0.000902 0.000000 0.000007 0.000074
104     0.316209 0.313036 0.000870 0.000000 0.000010 0.000207
105     0.242799 0.240879 0.000848 0.000000 0.000006 0.000081
106     0.277551 0.274388 0.000963 0.000000 0.000013 0.000146
107     0.261635 0.257987 0.000894 0.000000 0.000007 0.000116
108     0.269740 0.265202 0.002393 0.000000 0.000006 0.000079
109     0.310623 0.307709 0.001170 0.000000 0.000013 0.000172
110     0.250884 0.247477 0.001034 0.000000 0.000007 0.000106
111     0.244215 0.241737 0.001080 0.000000 0.000012 0.000141
112     0.318431 0.314707 0.001042 0.000000 0.000013 0.000123
113     0.290305 0.287069 0.001155 0.000000 0.000012 0.000149
114     0.249081 0.245839 0.001119 0.000000 0.000009 0.000125
115     0.269341 0.266418 0.001073 0.000000 0.000010 0.000120
116     0.267292 0.263517 0.001053 0.000000 0.000012 0.000117
117     0.291291 0.289135 0.001025 0.000000 0.000012 0.000123
118     0.265434 0.262500 0.001194 0.000000 0.000013 0.000159
119     0.319657 0.316400 0.001079 0.000000 0.000009 0.000106
120     0.294226 0.290085 0.000831 0.000000 0.000007 0.000072
121     0.238559 0.234546 0.000804 0.000000 0.000006 0.000078
122     0.271364 0.267969 0.001152 0.000000 0.000012 0.000116
123     0.280958 0.277944 0.001257 0.000000 0.000009 0.000136
124     0.236413 0.233650 0.001041 0.000000 0.000012 0.000113
125     0.235046 0.232095 0.001267 0.000000 0.000013 0.000117
126     0.235563 0.232686 0.000988 0.000000 0.000012 0.000111
127     0.219885 0.217088 0.001186 0.000000 0.000013 0.000135
128     0.296029 0.291384 0.001042 0.000000 0.000012 0.000128
129     0.269823 0.267239 0.001004 0.000000 0.000013 0.000184
130     0.269442 0.265454 0.001228 0.000000 0.000012 0.000147
131     0.260128 0.256594 0.000933 0.000000 0.000013 0.000115
132     0.298840 0.293822 0.000916 0.000000 0.000010 0.000118
133     0.268565 0.264769 0.001034 0.000000 0.000012 0.000109
134     0.302163 0.298013 0.001056 0.000000 0.000011 0.000154
135     0.276974 0.272717 0.002600 0.000000 0.000013 0.000125
136     0.290817 0.284927 0.001832 0.000000 0.000013 0.000134
137     0.258158 0.254751 0.001125 0.000000 0.000010 0.000121
138     0.301122 0.297835 0.001364 0.000000 0.000011 0.000135
139     0.303037 0.299439 0.001221 0.000000 0.000008 0.000107
140     0.246468 0.243776 0.001074 0.000000 0.000018 0.000110
141     0.261758 0.259448 0.001135 0.000000 0.000007 0.000110
142     0.272300 0.269584 0.001087 0.000000 0.000010 0.000102
143     0.272925 0.268760 0.001743 0.000000 0.000032 0.000119
144     0.266674 0.263363 0.001106 0.000000 0.000012 0.000106
145     0.224480 0.221448 0.001330 0.000000 0.000013 0.000122
146     0.272291 0.268668 0.001437 0.000000 0.000013 0.000128
147     0.275778 0.273040 0.001117 0.000000 0.000011 0.000107
148     0.353034 0.349845 0.001068 0.000000 0.000008 0.000124
149     0.275668 0.272469 0.001147 0.000000 0.000011 0.000113
150     0.257356 0.255726 0.000001 0.000000 0.000000 0.000000
151     0.243550 0.236926 0.000986 0.000000 0.000009 0.000092
152     0.272463 0.269209 0.001142 0.000000 0.000012 0.000121
153     0.287627 0.284901 0.001077 0.000000 0.000012 0.000115
154     0.278219 0.274907 0.000964 0.000000 0.000008 0.000104
155     0.241523 0.238443 0.001102 0.000000 0.000012 0.000118
156     0.304978 0.300661 0.001226 0.000000 0.000006 0.000152
157     0.239701 0.236668 0.001127 0.000000 0.000012 0.000108
158     0.216241 0.212405 0.001192 0.000000 0.000013 0.000122
159     0.209211 0.206997 0.001046 0.000000 0.000011 0.000100
160     0.281665 0.277873 0.001135 0.000000 0.000013 0.000113
161     0.267492 0.263836 0.001161 0.000000 0.000005 0.000064
162     0.208934 0.206290 0.001213 0.000000 0.000011 0.000119
163     0.276969 0.274236 0.000848 0.000000 0.000006 0.000082
164     0.240658 0.238150 0.000962 0.000000 0.000010 0.000108
165     0.254705 0.252680 0.000788 0.000000 0.000005 0.000072
166     0.204246 0.201831 0.000995 0.000000 0.000012 0.000128
167     0.213029 0.210610 0.000869 0.000000 0.000007 0.000073
168     0.332522 0.328617 0.001679 0.000000 0.000012 0.000130
169     0.266434 0.262444 0.001348 0.000000 0.000006 0.000075
170     0.237356 0.234563 0.001294 0.000000 0.000012 0.000144
171     0.318877 0.315697 0.001449 0.000000 0.000012 0.000146
172     0.266903 0.262522 0.001270 0.000000 0.000012 0.000130
173     0.259367 0.256364 0.000930 0.000000 0.000008 0.000099
174     0.270521 0.267859 0.000944 0.000000 0.000008 0.000095
175     0.259362 0.256439 0.001221 0.000000 0.000010 0.000120
176     0.287544 0.283559 0.001300 0.000000 0.000012 0.000142
177     0.241826 0.239152 0.001145 0.000000 0.000013 0.000143
178     0.301144 0.297823 0.001239 0.000000 0.000008 0.000091
179     0.268439 0.264983 0.000993 0.000000 0.000006 0.000126
180     0.296165 0.292056 0.001080 0.000000 0.000009 0.000110
181     0.235012 0.232324 0.001062 0.000000 0.000014 0.000112
182     0.239632 0.236694 0.001083 0.000000 0.000012 0.000124
183     0.305093 0.302516 0.001277 0.000000 0.000013 0.000117
184     0.303741 0.300433 0.001159 0.000000 0.000013 0.000121
185     0.277522 0.273742 0.000843 0.000000 0.000007 0.000077
186     0.275111 0.271353 0.000977 0.000000 0.000012 0.000133
187     0.251682 0.248219 0.001735 0.000000 0.000008 0.000103
188     0.270411 0.266800 0.001388 0.000000 0.000011 0.000114
189     0.281582 0.278406 0.001523 0.000000 0.000012 0.000109
190     0.281627 0.278568 0.001090 0.000000 0.000007 0.000088
191     0.265871 0.262327 0.001148 0.000000 0.000012 0.000119
192     0.332329 0.326783 0.001485 0.000000 0.000013 0.000133
193     0.267996 0.264280 0.001119 0.000000 0.000021 0.000127
194     0.272091 0.269065 0.001177 0.000000 0.000012 0.000126
195     0.237806 0.235573 0.001182 0.000000 0.000013 0.000118
196     0.239354 0.236127 0.001297 0.000000 0.000011 0.000156
197     0.270195 0.266363 0.001405 0.000000 0.000013 0.000114
198     0.272576 0.268954 0.001124 0.000000 0.000007 0.000094
199     0.252205 0.249016 0.001510 0.000000 0.000014 0.000151
200     0.301695 0.297558 0.001596 0.000000 0.000013 0.000116
201     0.247980 0.245190 0.001309 0.000000 0.000012 0.000104
202     0.269285 0.265423 0.001406 0.000000 0.000013 0.000112
203     0.300494 0.296923 0.001286 0.000000 0.000012 0.000108
204     0.254064 0.248849 0.001426 0.000000 0.000013 0.000155
205     0.268509 0.264208 0.001378 0.000000 0.000013 0.000162
206     0.279129 0.275079 0.001274 0.000000 0.000016 0.000116
207     0.274602 0.271659 0.001177 0.000000 0.000010 0.000104
208     0.271551 0.268845 0.000974 0.000000 0.000009 0.000081
209     0.235754 0.233209 0.001122 0.000000 0.000013 0.000114
210     0.270532 0.267406 0.001240 0.000000 0.000006 0.000068
211     0.236919 0.234366 0.001153 0.000000 0.000009 0.000082
212     0.278730 0.275437 0.001546 0.000000 0.000011 0.000127
213     0.303543 0.300698 0.001298 0.000000 0.000013 0.000141
214     0.276778 0.273644 0.001292 0.000000 0.000015 0.000139
215     0.281046 0.276398 0.001224 0.000000 0.000012 0.000108
216     0.292438 0.288180 0.001236 0.000000 0.000014 0.000116
217     0.267340 0.262258 0.002170 0.000000 0.000013 0.000116
218     0.275945 0.272908 0.001163 0.000000 0.000013 0.000120
219     0.294459 0.291529 0.001321 0.000000 0.000013 0.000149
220     0.282075 0.277779 0.001179 0.000000 0.000013 0.000124
221     0.279203 0.276036 0.001141 0.000000 0.000008 0.000090
222     0.272190 0.268334 0.001251 0.000000 0.000009 0.000101
223     0.241912 0.238930 0.001409 0.000000 0.000015 0.000157
224     0.286951 0.282364 0.001746 0.000000 0.000025 0.000094
225     0.249700 0.247256 0.001176 0.000000 0.000014 0.000108
226     0.279310 0.275157 0.001249 0.000000 0.000009 0.000105
227     0.345977 0.342408 0.001312 0.000000 0.000008 0.000120
228     0.282480 0.277729 0.001787 0.000000 0.000010 0.000091
229     0.288350 0.284715 0.000878 0.000000 0.000006 0.000077
230     0.239372 0.236521 0.001099 0.000000 0.000011 0.000098
231     0.286341 0.284178 0.001174 0.000000 0.000012 0.000113
232     0.245010 0.242110 0.001316 0.000000 0.000012 0.000110
233     0.277167 0.274174 0.001067 0.000000 0.000006 0.000086
234     0.255107 0.251958 0.001329 0.000000 0.000012 0.000113
235     0.345489 0.341958 0.001271 0.000000 0.000007 0.000089
236     0.287798 0.283809 0.001244 0.000000 0.000010 0.000154
237     0.314809 0.311871 0.001076 0.000000 0.000007 0.000099
238     0.329602 0.325443 0.001441 0.000000 0.000027 0.000103
239     0.284482 0.280520 0.001238 0.000000 0.000007 0.000075
240     0.280816 0.277685 0.001036 0.000000 0.000009 0.000099
241     0.282517 0.278876 0.000989 0.000000 0.000012 0.000163
242     0.275150 0.271945 0.001195 0.000000 0.000010 0.000106
243     0.290637 0.288346 0.000821 0.000000 0.000007 0.000077
244     0.279682 0.276296 0.001202 0.000000 0.000013 0.000124
245     0.311281 0.308367 0.001034 0.000000 0.000010 0.000094
246     0.261066 0.257962 0.001195 0.000000 0.000012 0.000113
247     0.264278 0.261080 0.001020 0.000000 0.000011 0.000102
248     0.266225 0.263589 0.001039 0.000000 0.000100 0.000113
249     0.276396 0.273950 0.001036 0.000000 0.000024 0.000122
250     0.253102 0.250137 0.001115 0.000000 0.000013 0.000116
251     0.289281 0.286053 0.001507 0.000000 0.000013 0.000125
252     0.277813 0.272983 0.000791 0.000000 0.000006 0.000078
253     0.279018 0.274454 0.000978 0.000000 0.000007 0.000086
254     0.285499 0.282282 0.000740 0.000000 0.000007 0.000074
255     0.277796 0.275904 0.000816 0.000000 0.000007 0.000087
256     0.302354 0.299750 0.001148 0.000000 0.000013 0.000114
257     0.282150 0.279510 0.000815 0.000000 0.000006 0.000092
258     0.285091 0.281799 0.001462 0.000000 0.000013 0.000145
259     0.318281 0.314435 0.001422 0.000000 0.000011 0.000254
260     0.267197 0.263637 0.000951 0.000000 0.000007 0.000079
261     0.257839 0.255637 0.001112 0.000000 0.000009 0.000107
262     0.240819 0.237884 0.000888 0.000000 0.000011 0.000101
263     0.302303 0.297108 0.001154 0.000000 0.000010 0.000189
264     0.264413 0.261026 0.000772 0.000000 0.000008 0.000075
265     0.244831 0.242067 0.001130 0.000000 0.000015 0.000139
266     0.251032 0.247483 0.000735 0.000000 0.000007 0.000068
267     0.310297 0.307077 0.001514 0.000000 0.000036 0.000145
268     0.271794 0.268698 0.001081 0.000000 0.000007 0.000081
269     0.257454 0.254619 0.001131 0.000000 0.000014 0.000110
270     0.279137 0.275909 0.001529 0.000000 0.000007 0.000076
271     0.257577 0.254928 0.001083 0.000000 0.000006 0.000100
272     0.300186 0.297279 0.001092 0.000000 0.000007 0.000090
273     0.249435 0.247224 0.001123 0.000000 0.000006 0.000100
274     0.255568 0.252883 0.001220 0.000000 0.000007 0.000086
275     0.250450 0.247942 0.000969 0.000000 0.000007 0.000082
276     0.230243 0.227447 0.000841 0.000000 0.000006 0.000082
277     0.227001 0.224687 0.000850 0.000000 0.000006 0.000076
278     0.275806 0.272517 0.000838 0.000000 0.000007 0.000089
279     0.265634 0.263788 0.000902 0.000000 0.000007 0.000083
280     0.257324 0.254943 0.000869 0.000000 0.000006 0.000068
281     0.230958 0.228712 0.000873 0.000000 0.000006 0.000079
282     0.296990 0.294819 0.000925 0.000000 0.000007 0.000078
283     0.233312 0.231091 0.000763 0.000000 0.000005 0.000072
284     0.221628 0.219437 0.000969 0.000000 0.000008 0.000064
285     0.225171 0.223566 0.000752 0.000000 0.000005 0.000074
286     0.297917 0.295216 0.001336 0.000000 0.000011 0.000135
287     0.306637 0.302899 0.001060 0.000000 0.000008 0.000096
288     0.263484 0.260224 0.000910 0.000000 0.000011 0.000103
289     0.276915 0.273603 0.000873 0.000000 0.000007 0.000082
290     0.223946 0.221725 0.000746 0.000000 0.000007 0.000071
291     0.308612 0.306559 0.001038 0.000000 0.000008 0.000091
292     0.225233 0.222458 0.001063 0.000000 0.000005 0.000059
293     0.217617 0.215055 0.000911 0.000000 0.000005 0.000072
294     0.229210 0.226596 0.001120 0.000000 0.000014 0.000117
295     0.299937 0.296988 0.000979 0.000000 0.000008 0.000093
296     0.277758 0.274430 0.000901 0.000000 0.000016 0.000071
297     0.202710 0.201119 0.000737 0.000000 0.000006 0.000080
298     0.229695 0.227277 0.000936 0.000000 0.000006 0.000093
299     0.205489 0.202903 0.001029 0.000000 0.000013 0.000125
300     0.278221 0.274631 0.001180 0.000000 0.000007 0.000071
301     0.266969 0.262716 0.001165 0.000000 0.000013 0.000124
302     0.240799 0.237582 0.001218 0.000000 0.000013 0.000109
303     0.276263 0.273728 0.001024 0.000000 0.000007 0.000090
304     0.273202 0.269342 0.001139 0.000000 0.000012 0.000128
305     0.296820 0.293133 0.000947 0.000000 0.000007 0.000089
306     0.289677 0.285539 0.000860 0.000000 0.000007 0.000114
307     0.306688 0.303237 0.000976 0.000000 0.000006 0.000089
308     0.287513 0.283972 0.001220 0.000000 0.000013 0.000116
309     0.274837 0.272406 0.001025 0.000000 0.000006 0.000098
310     0.243572 0.241270 0.000843 0.000000 0.000006 0.000085
311     0.230246 0.227415 0.001288 0.000000 0.000012 0.000133
312     0.268803 0.265203 0.001455 0.000000 0.000012 0.000143
313     0.234139 0.231735 0.000793 0.000000 0.000014 0.000109
314     0.264465 0.261801 0.001008 0.000000 0.000006 0.000067
315     0.270943 0.268365 0.001021 0.000000 0.000010 0.000135
316     0.285443 0.282115 0.001066 0.000000 0.000007 0.000076
317     0.267402 0.263568 0.001182 0.000000 0.000013 0.000219
318     0.264026 0.261191 0.001115 0.000000 0.000013 0.000137
319     0.310234 0.307021 0.000959 0.000000 0.000006 0.000108
320     0.307894 0.303901 0.001474 0.000000 0.000014 0.000150
321     0.277130 0.274211 0.001267 0.000000 0.000006 0.000098
322     0.307784 0.304238 0.001030 0.000000 0.000011 0.000109
323     0.302985 0.300282 0.000941 0.000000 0.000006 0.000083
324     0.268010 0.263815 0.000964 0.000000 0.000007 0.000073
325     0.267791 0.264022 0.001360 0.000000 0.000006 0.000081
326     0.299285 0.295840 0.001162 0.000000 0.000012 0.000111
327     0.268033 0.265581 0.001163 0.000000 0.000012 0.000132
328     0.317995 0.314961 0.000943 0.000000 0.000007 0.000076
329     0.307877 0.304129 0.001395 0.000000 0.000013 0.000147
330     0.286740 0.283296 0.000961 0.000000 0.000007 0.000071
331     0.316575 0.313207 0.001087 0.000000 0.000012 0.000174
332     0.271365 0.268766 0.000927 0.000000 0.000006 0.000069
333     0.288970 0.286612 0.001048 0.000000 0.000007 0.000080
334     0.262277 0.259632 0.001160 0.000000 0.000013 0.000120
335     0.270763 0.267815 0.000891 0.000000 0.000007 0.000097
336     0.299424 0.295691 0.001548 0.000000 0.000017 0.000177
337     0.278205 0.274430 0.000985 0.000000 0.000011 0.000118
338     0.299908 0.296571 0.000972 0.000000 0.000008 0.000084
339     0.278008 0.275341 0.001129 0.000000 0.000012 0.000148
340     0.245000 0.242126 0.001155 0.000000 0.000013 0.000107
341     0.268621 0.265221 0.000909 0.000000 0.000007 0.000080
342     0.278176 0.274851 0.001028 0.000000 0.000013 0.000116
343     0.279221 0.276409 0.000931 0.000000 0.000006 0.000081
344     0.326216 0.323622 0.001053 0.000000 0.000021 0.000133
345     0.272032 0.269671 0.000945 0.000000 0.000008 0.000068
346     0.273833 0.270993 0.000907 0.000000 0.000010 0.000082
347     0.263183 0.260261 0.001201 0.000000 0.000008 0.000085
348     0.246741 0.242804 0.000928 0.000000 0.000006 0.000068
349     0.272541 0.269037 0.000886 0.000000 0.000009 0.000108
350     0.259814 0.256761 0.001056 0.000000 0.000008 0.000052
351     0.240826 0.238962 0.000912 0.000000 0.000006 0.000086
352     0.250435 0.248177 0.000761 0.000000 0.000006 0.000057
353     0.204143 0.202072 0.000839 0.000000 0.000006 0.000073
354     0.200363 0.198394 0.000815 0.000000 0.000006 0.000073
355     0.199618 0.197701 0.000803 0.000000 0.000005 0.000069
356     0.263584 0.261113 0.001400 0.000000 0.000007 0.000078
357     0.259872 0.257654 0.001084 0.000000 0.000007 0.000081
358     0.286888 0.284447 0.000000 0.000000 0.000000 0.000000
359     0.336682 0.329793 0.001215 0.000000 0.000011 0.000122
360     0.317140 0.312947 0.000979 0.000000 0.000006 0.000077
361     0.277339 0.274854 0.000958 0.000000 0.000007 0.000078
362     0.267911 0.264843 0.000856 0.000000 0.000006 0.000064
363     0.303214 0.300198 0.000780 0.000000 0.000005 0.000091
364     0.266153 0.262943 0.001056 0.000000 0.000013 0.000115
365     0.256138 0.253431 0.001088 0.000000 0.000012 0.000102
366     0.307479 0.303816 0.001090 0.000000 0.000006 0.000076
367     0.280166 0.276596 0.001282 0.000000 0.000013 0.000133
368     0.283180 0.280174 0.001312 0.000000 0.000011 0.000139
369     0.287478 0.284591 0.001288 0.000000 0.000012 0.000133
370     0.301010 0.297417 0.001724 0.000000 0.000012 0.000102
371     0.309072 0.305420 0.001138 0.000000 0.000012 0.000106
372     0.246059 0.242603 0.001092 0.000000 0.000013 0.000161
373     0.282284 0.278805 0.001178 0.000000 0.000007 0.000105
374     0.266116 0.262363 0.001178 0.000000 0.000013 0.000115
375     0.303013 0.290615 0.010730 0.000000 0.000013 0.000132
376     0.307433 0.304521 0.000933 0.000000 0.000008 0.000100
377     0.324902 0.322377 0.000967 0.000000 0.000006 0.000095
378     0.275888 0.273160 0.001091 0.000000 0.000009 0.000116
379     0.249647 0.246792 0.001221 0.000000 0.000013 0.000152
380     0.306049 0.302806 0.000996 0.000000 0.000006 0.000077
381     0.288683 0.286454 0.001167 0.000000 0.000013 0.000129
382     0.250165 0.247494 0.000987 0.000000 0.000010 0.000101
383     0.272726 0.269549 0.001281 0.000000 0.000013 0.000132
384     0.315647 0.311426 0.000859 0.000000 0.000007 0.000080
385     0.261118 0.257913 0.000788 0.000000 0.000006 0.000096
386     0.277496 0.273886 0.000989 0.000000 0.000007 0.000089
387     0.251546 0.249354 0.001090 0.000000 0.000012 0.000124
388     0.309981 0.306920 0.001031 0.000000 0.000011 0.000109
389     0.279824 0.276955 0.000959 0.000000 0.000007 0.000090
390     0.280869 0.278103 0.000976 0.000000 0.000009 0.000139
391     0.246527 0.243589 0.001352 0.000000 0.000011 0.000122
392     0.263569 0.261021 0.000868 0.000000 0.000010 0.000106
393     0.286249 0.284100 0.000948 0.000000 0.000007 0.000105
394     0.291423 0.288349 0.001107 0.000000 0.000006 0.000074
395     0.244753 0.242383 0.000896 0.000000 0.000006 0.000080
396     0.209492 0.204785 0.000915 0.000000 0.000006 0.000062
397     0.208778 0.205413 0.000889 0.000000 0.000005 0.000070
398     0.208678 0.205850 0.000657 0.000000 0.000005 0.000057
399     0.208197 0.206057 0.000737 0.000000 0.000005 0.000104
400     0.245722 0.243256 0.000770 0.000000 0.000006 0.000080
401     0.206088 0.203882 0.000787 0.000000 0.000006 0.000126
402     0.206741 0.203215 0.000816 0.000000 0.000005 0.000077
403     0.271136 0.267752 0.000930 0.000000 0.000009 0.000097
404     0.246381 0.244086 0.000796 0.000000 0.000006 0.000065
405     0.252547 0.250388 0.000930 0.000000 0.000012 0.000189
406     0.306960 0.304146 0.000841 0.000000 0.000007 0.000076
407     0.277506 0.273781 0.001164 0.000000 0.000013 0.000163
408     0.314960 0.311676 0.000997 0.000000 0.000012 0.000089
409     0.315544 0.312153 0.000889 0.000000 0.000006 0.000084
410     0.296402 0.292891 0.001077 0.000000 0.000022 0.000169
411     0.314882 0.312286 0.000972 0.000000 0.000007 0.000091
412     0.263583 0.260228 0.000746 0.000000 0.000006 0.000091
413     0.242334 0.239588 0.000946 0.000000 0.000007 0.000085
414     0.287684 0.284550 0.001101 0.000000 0.000014 0.000149
415     0.294966 0.291497 0.000943 0.000000 0.000010 0.000090
416     0.275171 0.271663 0.000606 0.000000 0.000007 0.000071
417     0.248730 0.246631 0.000862 0.000000 0.000007 0.000094
418     0.252715 0.249368 0.000895 0.000000 0.000007 0.000086
419     0.237931 0.235657 0.000678 0.000000 0.000006 0.000074
420     0.217316 0.214842 0.000685 0.000000 0.000005 0.000063
421     0.213574 0.210830 0.000740 0.000000 0.000005 0.000836
422     0.209736 0.207759 0.000754 0.000000 0.000006 0.000066
423     0.217836 0.216254 0.000681 0.000000 0.000006 0.000126
424     0.239815 0.237168 0.001151 0.000000 0.000011 0.000141
425     0.318228 0.314259 0.000995 0.000000 0.000012 0.000139
426     0.341714 0.338486 0.001166 0.000000 0.000010 0.000104
427     0.264592 0.261351 0.000983 0.000000 0.000007 0.000086
428     0.287349 0.284480 0.000717 0.000000 0.000007 0.000101
429     0.281340 0.279533 0.000860 0.000000 0.000008 0.000103
430     0.236826 0.234532 0.000902 0.000000 0.000007 0.000074
431     0.254011 0.251079 0.001065 0.000000 0.000017 0.000155
432     0.312129 0.308670 0.000859 0.000000 0.000007 0.000079
433     0.241981 0.238561 0.000996 0.000000 0.000013 0.000107
434     0.298312 0.295674 0.001007 0.000000 0.000012 0.000111
435     0.358423 0.356148 0.000805 0.000000 0.000009 0.000095
436     0.248359 0.245931 0.000676 0.000000 0.000007 0.000068
437     0.339882 0.336499 0.000884 0.000000 0.000007 0.000101
438     0.276984 0.274379 0.000835 0.000000 0.000007 0.000109
439     0.274401 0.271439 0.001049 0.000000 0.000007 0.000097
440     0.290228 0.287014 0.000760 0.000000 0.000006 0.000107
441     0.239334 0.237103 0.001027 0.000000 0.000006 0.000080
442     0.326209 0.323328 0.001383 0.000000 0.000012 0.000115
443     0.328912 0.324968 0.001339 0.000000 0.000011 0.000124
444     0.395126 0.390514 0.001315 0.000000 0.000011 0.000113
445     0.298149 0.290093 0.004723 0.000000 0.000008 0.000102
446     0.262335 0.258468 0.001304 0.000000 0.000015 0.000140
447     0.294082 0.291185 0.001348 0.000000 0.000009 0.000149
448     0.334822 0.331877 0.000843 0.000000 0.000008 0.000073
449     0.303124 0.300443 0.000897 0.000000 0.000007 0.000094
450     0.244652 0.242112 0.001093 0.000000 0.000007 0.000080
451     0.228743 0.226403 0.000901 0.000000 0.000006 0.000074
452     0.227939 0.225952 0.000861 0.000000 0.000007 0.000058
453     0.220308 0.218297 0.001068 0.000000 0.000012 0.000124
454     0.279256 0.276709 0.000817 0.000000 0.000007 0.000069
455     0.255767 0.253434 0.000926 0.000000 0.000012 0.000116
456     0.287093 0.282931 0.000837 0.000000 0.000007 0.000071
457     0.277507 0.273668 0.001048 0.000000 0.000012 0.000145
458     0.298979 0.296178 0.001166 0.000000 0.000009 0.000098
459     0.252742 0.250620 0.000929 0.000000 0.000009 0.000116
460     0.298228 0.295320 0.000833 0.000000 0.000006 0.000059
461     0.271002 0.267851 0.001014 0.000000 0.000013 0.000130
462     0.255542 0.252324 0.001018 0.000000 0.000012 0.000127
463     0.279800 0.277088 0.000849 0.000000 0.000006 0.000069
464     0.260780 0.258954 0.000000 0.000000 0.000000 0.000000
465     0.280242 0.273927 0.000872 0.000000 0.000006 0.000080
466     0.236932 0.234651 0.000877 0.000000 0.000006 0.000086
467     0.297030 0.294423 0.000703 0.000000 0.000005 0.000075
468     0.241692 0.238818 0.000815 0.000000 0.000006 0.000069
469     0.241611 0.238667 0.001040 0.000000 0.000012 0.000262
470     0.231744 0.228996 0.000952 0.000000 0.000015 0.000114
471     0.275290 0.272796 0.000895 0.000000 0.000007 0.000089
472     0.270223 0.267315 0.000896 0.000000 0.000013 0.000193
473     0.278917 0.276479 0.000871 0.000000 0.000007 0.000096
474     0.246303 0.242449 0.000815 0.000000 0.000007 0.000066
475     0.278360 0.274737 0.000976 0.000000 0.000013 0.000139
476     0.265752 0.262892 0.000794 0.000000 0.000007 0.000065
477     0.239502 0.237384 0.000960 0.000000 0.000007 0.000077
478     0.237813 0.235046 0.001028 0.000000 0.000013 0.000119
479     0.283667 0.280764 0.000678 0.000000 0.000006 0.000105
480     0.263304 0.258639 0.001201 0.000000 0.000013 0.000115
481     0.278486 0.274825 0.001035 0.000000 0.000013 0.000129
482     0.245206 0.242512 0.001025 0.000000 0.000006 0.000075
483     0.301586 0.299272 0.001121 0.000000 0.000012 0.000173
484     0.272337 0.269301 0.001070 0.000000 0.000012 0.000133
485     0.327184 0.324096 0.001147 0.000000 0.000011 0.000140
486     0.271417 0.268477 0.001374 0.000000 0.000012 0.000110
487     0.270317 0.267249 0.001107 0.000000 0.000011 0.000137
488     0.301777 0.297249 0.001132 0.000000 0.000013 0.000138
489     0.327288 0.324598 0.001214 0.000000 0.000009 0.000100
490     0.323760 0.319809 0.001423 0.000000 0.000018 0.000169
491     0.356450 0.353293 0.001264 0.000000 0.000012 0.000126
492     0.307266 0.302648 0.001069 0.000000 0.000013 0.000122
493     0.281188 0.278185 0.001007 0.000000 0.000010 0.000116
494     0.276286 0.273500 0.000733 0.000000 0.000007 0.000074
495     0.264197 0.261977 0.000748 0.000000 0.000007 0.000088
496     0.270595 0.267715 0.000867 0.000000 0.000009 0.000101
497     0.251613 0.248448 0.000994 0.000000 0.000009 0.000099
498     0.237575 0.234711 0.000854 0.000000 0.000006 0.000075
499     0.227819 0.224894 0.001313 0.000000 0.000012 0.000158
500     0.375207 0.372017 0.001192 0.000000 0.000010 0.000169
501     0.301087 0.298250 0.000913 0.000000 0.000029 0.000169
502     0.248617 0.245636 0.001093 0.000000 0.000010 0.000100
503     0.275601 0.271879 0.001071 0.000000 0.000013 0.000131
504     0.269645 0.266126 0.000794 0.000000 0.000006 0.000075
505     0.247557 0.245232 0.000764 0.000000 0.000009 0.000117
506     0.266245 0.263306 0.001311 0.000000 0.000013 0.000133
507     0.281360 0.278483 0.001168 0.000000 0.000014 0.000120
508     0.307858 0.304824 0.000979 0.000000 0.000012 0.000112
509     0.273491 0.270318 0.001089 0.000000 0.000013 0.000139
510     0.287533 0.284364 0.000691 0.000000 0.000006 0.000079
511     0.281061 0.278758 0.000868 0.000000 0.000007 0.000099
512     0.301195 0.298507 0.000991 0.000000 0.000006 0.000114
513     0.276091 0.273288 0.001105 0.000000 0.000013 0.000164
514     0.305382 0.301688 0.000980 0.000000 0.000011 0.000122
515     0.243957 0.240988 0.000836 0.000000 0.000005 0.000084
516     0.211984 0.207581 0.000788 0.000000 0.000005 0.000075
517     0.212547 0.208617 0.001037 0.000000 0.000013 0.000133
518     0.281005 0.277142 0.000901 0.000000 0.000008 0.000147
519     0.303929 0.301271 0.000965 0.000000 0.000013 0.000159
520     0.347280 0.343668 0.001067 0.000000 0.000013 0.000151
521     0.295062 0.291514 0.000741 0.000000 0.000006 0.000096
522     0.278553 0.275994 0.001017 0.000000 0.000012 0.000118
523     0.301029 0.298185 0.000930 0.000000 0.000012 0.000129
524     0.334508 0.330828 0.001072 0.000000 0.000017 0.000123
525     0.308005 0.305021 0.000952 0.000000 0.000013 0.000144
526     0.270886 0.267648 0.001120 0.000000 0.000011 0.000099
527     0.290367 0.288178 0.000631 0.000000 0.000025 0.000145
528     0.308140 0.303571 0.000967 0.000000 0.000012 0.000132
529     0.305936 0.301666 0.001408 0.000000 0.000012 0.000160
530     0.314750 0.311452 0.001106 0.000000 0.000011 0.000141
531     0.268325 0.265749 0.001046 0.000000 0.000009 0.000128
532     0.302978 0.299253 0.001118 0.000000 0.000013 0.000149
533     0.306004 0.301066 0.001953 0.000000 0.000034 0.000165
534     0.276875 0.274204 0.000995 0.000000 0.000012 0.000138
535     0.304940 0.300934 0.001162 0.000000 0.000014 0.000159
536     0.279339 0.275818 0.001087 0.000000 0.000013 0.000156
537     0.275046 0.271534 0.001054 0.000000 0.000012 0.000145
538     0.282669 0.279295 0.001068 0.000000 0.000013 0.000174
539     0.309630 0.306359 0.000826 0.000000 0.000008 0.000119
540     0.283144 0.279448 0.001102 0.000000 0.000011 0.000137
541     0.303996 0.300040 0.001126 0.000000 0.000012 0.000146
542     0.271911 0.268196 0.001202 0.000000 0.000013 0.000157
543     0.309019 0.306117 0.001114 0.000000 0.000014 0.000152
544     0.303056 0.299723 0.001346 0.000000 0.000015 0.000141
545     0.246489 0.243851 0.000996 0.000000 0.000013 0.000132
546     0.277357 0.273244 0.000971 0.000000 0.000013 0.000131
547     0.245829 0.243252 0.000879 0.000000 0.000007 0.000065
548     0.245767 0.243312 0.000971 0.000000 0.000012 0.000126
549     0.215049 0.212866 0.001016 0.000000 0.000011 0.000124
550     0.308312 0.304934 0.001242 0.000000 0.000013 0.000125
551     0.273434 0.269972 0.001186 0.000000 0.000012 0.000132
552     0.307868 0.303639 0.000808 0.000000 0.000007 0.000084
553     0.278262 0.275609 0.000979 0.000000 0.000012 0.000133
554     0.309688 0.306864 0.000852 0.000000 0.000007 0.000084
555     0.315397 0.312997 0.000773 0.000000 0.000006 0.000094
556     0.252015 0.249015 0.000989 0.000000 0.000013 0.000119
557     0.311296 0.308449 0.000816 0.000000 0.000007 0.000097
558     0.294499 0.291894 0.000980 0.000000 0.000013 0.000125
559     0.312332 0.309083 0.001025 0.000000 0.000008 0.000107
560     0.279767 0.276173 0.001053 0.000000 0.000012 0.000157
561     0.275134 0.272667 0.000838 0.000000 0.000006 0.000096
562     0.244774 0.242559 0.000649 0.000000 0.000007 0.000082
563     0.254703 0.251476 0.001051 0.000000 0.000010 0.000144
564     0.280909 0.278405 0.000690 0.000000 0.000007 0.000085
565     0.252116 0.249003 0.001026 0.000000 0.000011 0.000145
566     0.292433 0.288904 0.001255 0.000000 0.000017 0.000174
567     0.278944 0.276123 0.000890 0.000000 0.000007 0.000106
568     0.273257 0.270369 0.001340 0.000000 0.000013 0.000160
569     0.246561 0.242424 0.001019 0.000000 0.000011 0.000122
570     0.276147 0.272771 0.001213 0.000000 0.000007 0.000125
571     0.300796 0.297535 0.001715 0.000000 0.000013 0.000144
572     0.353611 0.350159 0.001082 0.000000 0.000013 0.000119
573     0.274206 0.271191 0.000963 0.000000 0.000008 0.000128
574     0.244382 0.240916 0.001888 0.000000 0.000013 0.000124
575     0.309845 0.306503 0.001100 0.000000 0.000013 0.000153
576     0.258043 0.253609 0.001112 0.000000 0.000013 0.000130
577     0.309726 0.305907 0.001327 0.000000 0.000013 0.000144
578     0.286015 0.282885 0.000932 0.000000 0.000011 0.000181
579     0.276737 0.274431 0.001169 0.000000 0.000011 0.000128
580     0.251668 0.249030 0.000952 0.000000 0.000011 0.000108
581     0.287928 0.285335 0.001018 0.000000 0.000012 0.000139
582     0.280376 0.276726 0.000810 0.000000 0.000007 0.000084
583     0.245388 0.240988 0.001046 0.000000 0.000012 0.000162
584     0.284680 0.281374 0.000723 0.000000 0.000006 0.000082
585     0.278084 0.275674 0.000954 0.000000 0.000011 0.000119
586     0.289208 0.285717 0.001032 0.000000 0.000017 0.000356
587     0.282306 0.278504 0.001168 0.000000 0.000015 0.000168
588     0.284438 0.279888 0.001092 0.000000 0.000009 0.000134
589     0.281311 0.277298 0.000954 0.000000 0.000011 0.000134
590     0.326613 0.322151 0.001681 0.000000 0.000017 0.000095
591     0.278566 0.276312 0.000911 0.000000 0.000007 0.000100
592     0.268624 0.266142 0.000738 0.000000 0.000007 0.000162
593     0.253755 0.250990 0.001192 0.000000 0.000013 0.000142
594     0.254345 0.250970 0.001237 0.000000 0.000012 0.000146
595     0.278095 0.273497 0.001921 0.000000 0.000019 0.000144
596     0.301359 0.297780 0.001149 0.000000 0.000013 0.000146
597     0.295466 0.293165 0.000908 0.000000 0.000007 0.000079
598     0.240542 0.237851 0.001093 0.000000 0.000014 0.000135
599     0.282086 0.279438 0.001023 0.000000 0.000013 0.000133
600     0.239633 0.236411 0.001059 0.000000 0.000013 0.000114
601     0.289000 0.285750 0.001191 0.000000 0.000013 0.000133
602     0.284735 0.280209 0.001753 0.000000 0.000017 0.000131
603     0.310556 0.308099 0.001010 0.000000 0.000014 0.000138
604     0.251978 0.248718 0.000866 0.000000 0.000012 0.000121
605     0.275084 0.270819 0.001128 0.000000 0.000012 0.000134
606     0.284508 0.280785 0.001148 0.000000 0.000014 0.000130
607     0.313643 0.310728 0.000798 0.000000 0.000007 0.000107
608     0.246749 0.244475 0.000685 0.000000 0.000005 0.000149
609     0.196948 0.195134 0.000893 0.000000 0.000005 0.000085
610     0.209293 0.207242 0.000749 0.000000 0.000006 0.000076
611     0.201995 0.199852 0.000737 0.000000 0.000005 0.000147
612     0.204677 0.201924 0.001011 0.000000 0.000005 0.000106
613     0.197780 0.195470 0.000836 0.000000 0.000004 0.000086
614     0.196649 0.194346 0.000949 0.000000 0.000012 0.000131
615     0.323694 0.321052 0.000984 0.000000 0.000026 0.000148
616     0.290807 0.287399 0.001027 0.000000 0.000012 0.000126
617     0.286585 0.283414 0.001123 0.000000 0.000012 0.000125
618     0.351307 0.347369 0.000846 0.000000 0.000007 0.000087
619     0.251356 0.248682 0.000820 0.000000 0.000007 0.000093
620     0.320410 0.317828 0.000920 0.000000 0.000010 0.000108
621     0.316547 0.313903 0.001114 0.000000 0.000013 0.000142
622     0.248643 0.246101 0.000853 0.000000 0.000006 0.000075
623     0.275974 0.273276 0.001067 0.000000 0.000009 0.000138
624     0.350540 0.345062 0.001236 0.000000 0.000012 0.000122
625     0.320450 0.316580 0.001031 0.000000 0.000008 0.000154
626     0.285412 0.282345 0.001413 0.000000 0.000016 0.000127
627     0.277038 0.274047 0.001161 0.000000 0.000012 0.000135
628     0.301144 0.297510 0.000906 0.000000 0.000009 0.000093
629     0.266423 0.263801 0.000998 0.000000 0.000012 0.000109
630     0.270175 0.267243 0.001156 0.000000 0.000012 0.000119
631     0.247553 0.244824 0.001040 0.000000 0.000011 0.000140
632     0.304156 0.300500 0.001046 0.000000 0.000009 0.000097
633     0.255084 0.251975 0.001513 0.000000 0.000017 0.000160
634     0.304587 0.300489 0.001378 0.000000 0.000012 0.000157
635     0.284598 0.280073 0.001033 0.000000 0.000012 0.000136
636     0.315177 0.310970 0.000937 0.000000 0.000006 0.000080
637     0.294112 0.289811 0.001280 0.000000 0.000013 0.000127
638     0.326519 0.321076 0.001167 0.000000 0.000013 0.000117
639     0.335981 0.333512 0.001091 0.000000 0.000013 0.000164
640     0.263645 0.260028 0.001433 0.000000 0.000012 0.000143
641     0.306056 0.302559 0.001023 0.000000 0.000012 0.000124
642     0.287767 0.284306 0.000866 0.000000 0.000007 0.000078
643     0.284894 0.282036 0.001104 0.000000 0.000012 0.000136
644     0.312103 0.309196 0.001091 0.000000 0.000009 0.000097
645     0.303391 0.301434 0.000924 0.000000 0.000010 0.000100
646     0.267881 0.264541 0.001583 0.000000 0.000024 0.000120
647     0.297729 0.294660 0.000998 0.000000 0.000012 0.000151
648     0.294579 0.289827 0.001039 0.000000 0.000014 0.000120
649     0.310404 0.307702 0.000912 0.000000 0.000011 0.000119
650     0.271601 0.268404 0.001137 0.000000 0.000011 0.000106
651     0.284676 0.282673 0.000700 0.000000 0.000006 0.000092
652     0.276296 0.273170 0.001024 0.000000 0.000013 0.000124
653     0.253405 0.250531 0.000844 0.000000 0.000008 0.000108
654     0.313838 0.310316 0.000918 0.000000 0.000013 0.000116
655     0.277907 0.274498 0.001183 0.000000 0.000013 0.000139
656     0.284509 0.280987 0.000896 0.000000 0.000007 0.000078
657     0.247257 0.245191 0.000903 0.000000 0.000014 0.000134
658     0.246881 0.244146 0.001091 0.000000 0.000014 0.000123
659     0.283912 0.280606 0.001211 0.000000 0.000015 0.000135
660     0.212299 0.207854 0.000776 0.000000 0.000006 0.000073
661     0.285906 0.282771 0.001109 0.000000 0.000014 0.000139
662     0.201239 0.198709 0.000908 0.000000 0.000013 0.000121
663     0.194340 0.192301 0.000911 0.000000 0.000013 0.000132
664     0.288126 0.285404 0.000880 0.000000 0.000008 0.000074
665     0.209586 0.207221 0.000708 0.000000 0.000005 0.000074
666     0.305019 0.301691 0.001064 0.000000 0.000012 0.000111
667     0.320285 0.316782 0.001104 0.000000 0.000010 0.000133
668     0.275596 0.273159 0.000880 0.000000 0.000010 0.000098
669     0.248873 0.246722 0.000693 0.000000 0.000007 0.000086
670     0.307429 0.305363 0.000873 0.000000 0.000009 0.000093
671     0.308681 0.305107 0.000984 0.000000 0.000013 0.000124
672     0.340858 0.336182 0.001041 0.000000 0.000010 0.000142
673     0.315672 0.312069 0.000866 0.000000 0.000009 0.000119
674     0.279750 0.275374 0.001064 0.000000 0.000012 0.000129
675     0.288167 0.284775 0.000875 0.000000 0.000006 0.000096
676     0.256498 0.251817 0.001032 0.000000 0.000008 0.000128
677     0.308122 0.304099 0.001272 0.000000 0.000010 0.000128
678     0.258532 0.255387 0.001018 0.000000 0.000012 0.000133
679     0.324983 0.322120 0.000950 0.000000 0.000009 0.000090
680     0.296453 0.292648 0.001552 0.000000 0.000011 0.000112
681     0.338433 0.334326 0.001966 0.000000 0.000012 0.000128
682     0.323459 0.318847 0.002194 0.000000 0.000014 0.000151
683     0.278242 0.274292 0.001236 0.000000 0.000011 0.000120
684     0.258988 0.255099 0.000833 0.000000 0.000007 0.000076
685     0.242406 0.240292 0.000581 0.000000 0.000007 0.000088
686     0.240944 0.238504 0.000965 0.000000 0.000007 0.000075
687     0.292229 0.290203 0.000894 0.000000 0.000007 0.000089
688     0.261731 0.258522 0.001033 0.000000 0.000011 0.000114
689     0.288578 0.284854 0.001161 0.000000 0.000012 0.000130
690     0.281701 0.278700 0.000972 0.000000 0.000006 0.000079
691     0.280396 0.277878 0.000899 0.000000 0.000006 0.000098
692     0.280414 0.277636 0.001163 0.000000 0.000012 0.000121
693     0.296233 0.293773 0.000857 0.000000 0.000007 0.000093
694     0.279738 0.277069 0.000999 0.000000 0.000011 0.000231
695     0.289320 0.285807 0.000805 0.000000 0.000006 0.000096
696     0.322849 0.319524 0.001117 0.000000 0.000012 0.000140
697     0.273278 0.269597 0.001011 0.000000 0.000012 0.000126
698     0.308212 0.305586 0.000782 0.000000 0.000007 0.000079
699     0.295535 0.293330 0.001086 0.000000 0.000013 0.000132
700     0.309090 0.304957 0.002062 0.000000 0.000014 0.000121
701     0.312276 0.308799 0.001037 0.000000 0.000012 0.000163
702     0.276119 0.273026 0.001058 0.000000 0.000012 0.000119
703     0.310312 0.305301 0.001848 0.000000 0.000013 0.000126
704     0.289446 0.286133 0.000822 0.000000 0.000007 0.000076
705     0.244702 0.242245 0.001183 0.000000 0.000015 0.000137
706     0.242419 0.238826 0.000962 0.000000 0.000012 0.000111
707     0.312192 0.309606 0.000764 0.000000 0.000013 0.000131
708     0.283229 0.279206 0.001123 0.000000 0.000012 0.000144
709     0.248656 0.245088 0.001022 0.000000 0.000011 0.000125
710     0.245852 0.243188 0.001011 0.000000 0.000012 0.000114
711     0.314128 0.311888 0.001217 0.000000 0.000013 0.000151
712     0.311170 0.308143 0.001128 0.000000 0.000012 0.000152
713     0.273017 0.269369 0.001044 0.000000 0.000011 0.000135
714     0.280214 0.276587 0.001183 0.000000 0.000013 0.000200
715     0.250750 0.247310 0.001091 0.000000 0.000011 0.000126
716     0.308160 0.304302 0.001365 0.000000 0.000008 0.000119
717     0.247925 0.245985 0.000815 0.000000 0.000008 0.000102
718     0.267107 0.264406 0.001040 0.000000 0.000013 0.000118
719     0.279828 0.275861 0.000937 0.000000 0.000012 0.000121
720     0.263686 0.260741 0.000831 0.000000 0.000009 0.000091
721     0.232327 0.229224 0.001031 0.000000 0.000013 0.000122
722     0.270378 0.267196 0.000737 0.000000 0.000005 0.000062
723     0.208287 0.206429 0.000934 0.000000 0.000007 0.000083
724     0.242833 0.240662 0.000721 0.000000 0.000006 0.000070
725     0.220545 0.218139 0.000890 0.000000 0.000006 0.000088
726     0.291363 0.287852 0.001118 0.000000 0.000007 0.000086
727     0.248438 0.244632 0.000954 0.000000 0.000006 0.000105
728     0.269619 0.265801 0.001300 0.000000 0.000012 0.000905
729     0.265306 0.262793 0.001132 0.000000 0.000010 0.000117
730     0.275185 0.272458 0.000872 0.000000 0.000006 0.000112
731     0.334152 0.331066 0.001396 0.000000 0.000011 0.000135
732     0.281858 0.276716 0.000906 0.000000 0.000013 0.000132
733     0.295923 0.291839 0.001531 0.000000 0.000012 0.000120
734     0.323751 0.318981 0.001138 0.000000 0.000010 0.000131
735     0.318876 0.316538 0.001145 0.000000 0.000012 0.000139
736     0.293697 0.289170 0.001396 0.000000 0.000013 0.000162
737     0.313750 0.310166 0.000988 0.000000 0.000007 0.000089
738     0.288678 0.285920 0.001169 0.000000 0.000013 0.000153
739     0.275772 0.271661 0.001289 0.000000 0.000013 0.000145
740     0.277857 0.273823 0.001319 0.000000 0.000012 0.000107
741     0.334890 0.332108 0.001248 0.000000 0.000012 0.000143
742     0.270742 0.267525 0.000982 0.000000 0.000007 0.000151
743     0.267295 0.263540 0.001253 0.000000 0.000013 0.000130
744     0.326198 0.320484 0.001317 0.000000 0.000010 0.000100
745     0.259044 0.256125 0.000818 0.000000 0.000006 0.000095
746     0.281713 0.279013 0.001022 0.000000 0.000013 0.000115
747     0.287120 0.284396 0.001070 0.000000 0.000013 0.000213
748     0.330708 0.327383 0.001069 0.000000 0.000013 0.000144
749     0.276815 0.272114 0.001095 0.000000 0.000012 0.000143
750     0.272551 0.268407 0.001286 0.000000 0.000012 0.000118
751     0.304538 0.300469 0.001062 0.000000 0.000012 0.000128
752     0.331334 0.327828 0.001136 0.000000 0.000013 0.000123
753     0.308022 0.304960 0.001212 0.000000 0.000012 0.000138
754     0.310884 0.306893 0.001151 0.000000 0.000012 0.000116
755     0.315717 0.311952 0.001079 0.000000 0.000011 0.000174
756     0.316393 0.312973 0.000593 0.000000 0.000011 0.000116
757     0.319301 0.315280 0.001136 0.000000 0.000012 0.000140
758     0.299283 0.295000 0.001277 0.000000 0.000013 0.000137
759     0.312632 0.309802 0.001141 0.000000 0.000011 0.000142
760     0.309813 0.306661 0.001134 0.000000 0.000013 0.000148
761     0.307624 0.304384 0.001057 0.000000 0.000012 0.000151
762     0.344244 0.339055 0.001299 0.000000 0.000013 0.000119
763     0.310942 0.306678 0.001096 0.000000 0.000013 0.000127
764     0.284414 0.280859 0.000963 0.000000 0.000010 0.000124
765     0.261542 0.259313 0.000875 0.000000 0.000008 0.000099
766     0.269438 0.266115 0.000849 0.000000 0.000007 0.000121
767     0.303732 0.301147 0.001109 0.000000 0.000012 0.000121
768     0.295712 0.290370 0.001083 0.000000 0.000013 0.000118
769     0.246315 0.242870 0.001021 0.000000 0.000013 0.000121
770     0.238834 0.236540 0.000801 0.000000 0.000010 0.000091
771     0.263500 0.261023 0.001218 0.000000 0.000013 0.000155
772     0.262037 0.259261 0.001068 0.000000 0.000013 0.000134
773     0.284042 0.280724 0.001375 0.000000 0.000013 0.000228
774     0.268117 0.264377 0.001155 0.000000 0.000013 0.000191
775     0.313448 0.309780 0.001156 0.000000 0.000013 0.000146
776     0.343761 0.339512 0.001590 0.000000 0.000019 0.000168
777     0.292679 0.289885 0.001066 0.000000 0.000012 0.000138
778     0.284763 0.281565 0.001052 0.000000 0.000012 0.000117
779     0.284981 0.280795 0.001056 0.000000 0.000013 0.000136
780     0.286247 0.281018 0.001101 0.000000 0.000010 0.000106
781     0.253713 0.250684 0.000880 0.000000 0.000011 0.000137
782     0.261616 0.259102 0.000976 0.000000 0.000012 0.000128
783     0.278116 0.275904 0.001092 0.000000 0.000013 0.000125
784     0.364636 0.360106 0.001972 0.000000 0.000013 0.000151
785     0.341741 0.338305 0.000571 0.000000 0.000010 0.000121
786     0.279925 0.276945 0.001034 0.000000 0.000013 0.000120
787     0.261035 0.256941 0.001181 0.000000 0.000019 0.000150
788     0.340858 0.336978 0.001095 0.000000 0.000013 0.000136
789     0.284731 0.281971 0.001100 0.000000 0.000009 0.000112
790     0.297888 0.294704 0.000801 0.000000 0.000006 0.000143
791     0.293960 0.289344 0.000963 0.000000 0.000009 0.000136
792     0.322912 0.318304 0.001140 0.000000 0.000013 0.000143
793     0.283478 0.279036 0.001128 0.000000 0.000012 0.000140
794     0.287127 0.282822 0.001829 0.000000 0.000025 0.000125
795     0.285964 0.283366 0.001037 0.000000 0.000013 0.000128
796     0.304867 0.300852 0.001138 0.000000 0.000013 0.000145
797     0.270711 0.267551 0.001075 0.000000 0.000013 0.000134
798     0.237780 0.235220 0.001017 0.000000 0.000012 0.000119
799     0.271368 0.268435 0.001013 0.000000 0.000012 0.000120
800     0.303298 0.300617 0.001171 0.000000 0.000013 0.000113
801     0.278735 0.276524 0.000995 0.000000 0.000010 0.000108
802     0.256550 0.253922 0.000783 0.000000 0.000007 0.000071
803     0.249187 0.247047 0.000896 0.000000 0.000010 0.000110
804     0.260919 0.256529 0.001154 0.000000 0.000013 0.000142
805     0.279921 0.274765 0.001029 0.000000 0.000012 0.000120
806     0.272650 0.268870 0.000894 0.000000 0.000007 0.000073
807     0.345868 0.343115 0.001126 0.000000 0.000014 0.000148
808     0.350793 0.347159 0.001157 0.000000 0.000013 0.000143
809     0.361302 0.357484 0.001119 0.000000 0.000012 0.000142
810     0.285521 0.282220 0.001201 0.000000 0.000019 0.000115
811     0.302192 0.298807 0.000895 0.000000 0.000006 0.000107
812     0.274594 0.271346 0.001083 0.000000 0.000007 0.000072
813     0.289115 0.286590 0.000981 0.000000 0.000009 0.000128
814     0.283492 0.279299 0.001665 0.000000 0.000007 0.000079
815     0.272997 0.269768 0.000962 0.000000 0.000013 0.000136
816     0.268942 0.265656 0.000931 0.000000 0.000006 0.000096
817     0.215293 0.212239 0.001076 0.000000 0.000012 0.000126
818     0.309886 0.307313 0.000884 0.000000 0.000007 0.000077
819     0.266405 0.263947 0.000707 0.000000 0.000021 0.000090
820     0.280239 0.276266 0.000855 0.000000 0.000007 0.000076
821     0.311375 0.307067 0.001059 0.000000 0.000013 0.000135
822     0.299584 0.296604 0.001130 0.000000 0.000007 0.000079
823     0.291346 0.287646 0.001093 0.000000 0.000013 0.000149
824     0.284263 0.280132 0.001027 0.000000 0.000007 0.000072
825     0.291309 0.288608 0.001181 0.000000 0.000015 0.000129
826     0.275112 0.272372 0.000956 0.000000 0.000007 0.000067
827     0.289906 0.286600 0.000849 0.000000 0.000008 0.000103
828     0.275094 0.272083 0.000958 0.000000 0.000006 0.000067
829     0.314880 0.311276 0.001133 0.000000 0.000009 0.000117
830     0.248565 0.245301 0.001044 0.000000 0.000012 0.000134
831     0.267606 0.265181 0.001156 0.000000 0.000013 0.000138
832     0.284372 0.281130 0.001028 0.000000 0.000006 0.000085
833     0.242243 0.239391 0.001196 0.000000 0.000012 0.000157
834     0.348173 0.344503 0.001114 0.000000 0.000010 0.000124
835     0.237575 0.234370 0.000856 0.000000 0.000010 0.000118
836     0.278136 0.274366 0.001217 0.000000 0.000009 0.000100
837     0.281484 0.279020 0.001177 0.000000 0.000013 0.000133
838     0.246990 0.244386 0.000957 0.000000 0.000012 0.000108
839     0.328610 0.325283 0.001324 0.000000 0.000013 0.000155
840     0.248009 0.243165 0.001082 0.000000 0.000119 0.000247
841     0.305480 0.302108 0.001202 0.000000 0.000012 0.000131
842     0.311854 0.308344 0.001207 0.000000 0.000013 0.000128
843     0.277391 0.274568 0.001138 0.000000 0.000013 0.000351
844     0.241103 0.238524 0.001027 0.000000 0.000011 0.000111
845     0.318946 0.315847 0.001267 0.000000 0.000015 0.000175
846     0.271181 0.267627 0.000870 0.000000 0.000007 0.000108
847     0.352467 0.349453 0.001071 0.000000 0.000013 0.000114
848     0.316729 0.312293 0.001173 0.000000 0.000013 0.000123
849     0.249049 0.245889 0.001719 0.000000 0.000008 0.000088
850     0.246891 0.244509 0.001028 0.000000 0.000006 0.000077
851     0.212959 0.210171 0.001082 0.000000 0.000013 0.000125
852     0.308011 0.303971 0.000982 0.000000 0.000011 0.000113
853     0.224987 0.222193 0.000831 0.000000 0.000006 0.000077
854     0.203311 0.200742 0.000778 0.000000 0.000005 0.000064
855     0.292837 0.290375 0.001029 0.000000 0.000013 0.000162
856     0.279101 0.274897 0.001437 0.000000 0.000013 0.000144
857     0.283296 0.279192 0.001158 0.000000 0.000012 0.000154
858     0.246418 0.241427 0.001490 0.000000 0.000012 0.000132
859     0.276829 0.273100 0.001141 0.000000 0.000010 0.000134
860     0.246094 0.243209 0.000941 0.000000 0.000005 0.000066
861     0.359474 0.357097 0.000876 0.000000 0.000013 0.000132
862     0.285882 0.283040 0.000830 0.000000 0.000007 0.000077
863     0.290887 0.287808 0.001056 0.000000 0.000011 0.000119
864     0.252871 0.248294 0.001089 0.000000 0.000005 0.000061
865     0.197572 0.194560 0.000987 0.000000 0.000006 0.000074
866     0.302507 0.298780 0.001241 0.000000 0.000012 0.000134
867     0.278034 0.275596 0.000909 0.000000 0.000010 0.000140
868     0.255894 0.251684 0.001049 0.000000 0.000010 0.000136
869     0.262251 0.258911 0.000812 0.000000 0.000006 0.000096
870     0.275525 0.272117 0.001106 0.000000 0.000013 0.000154
871     0.262823 0.259775 0.001070 0.000000 0.000006 0.000090
872     0.249266 0.246513 0.001207 0.000000 0.000012 0.000143
873     0.283022 0.280464 0.001120 0.000000 0.000011 0.000114
874     0.296272 0.293192 0.001060 0.000000 0.000008 0.000076
875     0.242444 0.239931 0.000997 0.000000 0.000007 0.000089
876     0.316343 0.311834 0.001125 0.000000 0.000013 0.000157
877     0.306932 0.302043 0.001745 0.000000 0.000011 0.000144
878     0.243299 0.240491 0.001107 0.000000 0.000012 0.000140
879     0.328395 0.325693 0.001088 0.000000 0.000013 0.000131
880     0.285241 0.282359 0.000859 0.000000 0.000006 0.000088
881     0.282129 0.278751 0.001041 0.000000 0.000011 0.000133
882     0.285405 0.282615 0.000828 0.000000 0.000007 0.000070
883     0.260525 0.257340 0.001151 0.000000 0.000013 0.000147
884     0.333827 0.330845 0.001091 0.000000 0.000007 0.000071
885     0.251714 0.249757 0.001006 0.000000 0.000011 0.000093
886     0.276552 0.274107 0.000913 0.000000 0.000007 0.000065
887     0.299847 0.296331 0.001094 0.000000 0.000012 0.000140
888     0.280997 0.276137 0.001111 0.000000 0.000006 0.000071
889     0.273292 0.270133 0.000983 0.000000 0.000012 0.000143
890     0.268684 0.265029 0.000985 0.000000 0.000011 0.000182
891     0.273758 0.271502 0.001047 0.000000 0.000011 0.000222
892     0.273943 0.270827 0.000965 0.000000 0.000007 0.000072
893     0.271721 0.268068 0.001131 0.000000 0.000012 0.000152
894     0.277066 0.273921 0.001381 0.000000 0.000009 0.000107
895     0.277570 0.274265 0.001040 0.000000 0.000012 0.000148
896     0.292062 0.289205 0.000852 0.000000 0.000006 0.000069
897     0.246212 0.243999 0.000958 0.000000 0.000007 0.000080
898     0.265075 0.262050 0.001029 0.000000 0.000006 0.000097
899     0.245633 0.242946 0.001191 0.000000 0.000013 0.000150
900     0.285715 0.280299 0.001248 0.000000 0.000011 0.000107
901     0.282918 0.279043 0.001111 0.000000 0.000013 0.000147
902     0.299635 0.295933 0.001034 0.000000 0.000006 0.000071
903     0.376269 0.373626 0.001092 0.000000 0.000013 0.000143
904     0.317264 0.313535 0.000952 0.000000 0.000006 0.000073
905     0.305518 0.302068 0.000987 0.000000 0.000008 0.000120
906     0.251333 0.248366 0.000958 0.000000 0.000007 0.000130
907     0.315046 0.312362 0.001043 0.000000 0.000011 0.000117
908     0.271891 0.268811 0.000999 0.000000 0.000006 0.000079
909     0.274661 0.271938 0.001248 0.000000 0.000013 0.000150
910     0.254756 0.251461 0.001096 0.000000 0.000013 0.000122
911     0.250931 0.248115 0.000989 0.000000 0.000011 0.000122
912     0.324464 0.320226 0.000856 0.000000 0.000007 0.000072
913     0.209029 0.206695 0.000944 0.000000 0.000010 0.000114
914     0.336979 0.333759 0.001231 0.000000 0.000013 0.000147
915     0.263213 0.260686 0.001206 0.000000 0.000012 0.000136
916     0.278643 0.274977 0.000908 0.000000 0.000013 0.000124
917     0.209699 0.207244 0.000923 0.000000 0.000013 0.000127
918     0.281530 0.278410 0.000761 0.000000 0.000006 0.000055
919     0.247975 0.245462 0.000930 0.000000 0.000022 0.000244
920     0.226516 0.223513 0.000720 0.000000 0.000009 0.000081
921     0.281092 0.279040 0.000760 0.000000 0.000007 0.000087
922     0.250199 0.247442 0.000728 0.000000 0.000007 0.000071
923     0.262811 0.259336 0.001038 0.000000 0.000012 0.000123
924     0.275779 0.272545 0.000966 0.000000 0.000010 0.000112
925     0.304332 0.300359 0.000988 0.000000 0.000011 0.000114
926     0.267293 0.263570 0.001010 0.000000 0.000012 0.000110
927     0.238269 0.235224 0.001013 0.000000 0.000013 0.000151
928     0.250955 0.248015 0.001017 0.000000 0.000011 0.000202
929     0.309235 0.306352 0.000816 0.000000 0.000007 0.000089
930     0.274897 0.270963 0.001252 0.000000 0.000013 0.000160
931     0.277584 0.274535 0.000840 0.000000 0.000013 0.000131
932     0.310556 0.306362 0.001368 0.000000 0.000014 0.000133
933     0.275173 0.271383 0.000993 0.000000 0.000011 0.000136
934     0.317963 0.314342 0.000972 0.000000 0.000013 0.000126
935     0.331754 0.328012 0.000859 0.000000 0.000005 0.000101
936     0.236095 0.231856 0.001023 0.000000 0.000008 0.000081
937     0.247022 0.243334 0.000970 0.000000 0.000011 0.000110
938     0.237384 0.234810 0.000974 0.000000 0.000011 0.000110
939     0.261451 0.259345 0.000746 0.000000 0.000006 0.000090
940     0.277705 0.274852 0.000909 0.000000 0.000012 0.000110
941     0.294894 0.291210 0.001518 0.000000 0.000010 0.000154
942     0.279034 0.275357 0.001087 0.000000 0.000013 0.000147
943     0.285719 0.281477 0.001717 0.000000 0.000017 0.000153
944     0.285756 0.281811 0.001175 0.000000 0.000011 0.000105
945     0.283716 0.280681 0.001308 0.000000 0.000011 0.000144
946     0.336845 0.332756 0.001063 0.000000 0.000012 0.000129
947     0.290262 0.286810 0.000794 0.000000 0.000013 0.000131
948     0.279869 0.275362 0.000982 0.000000 0.000012 0.000131
949     0.345213 0.340929 0.001048 0.000000 0.000013 0.000130
950     0.321740 0.317867 0.001224 0.000000 0.000011 0.000278
951     0.278400 0.276180 0.001119 0.000000 0.000013 0.000154
952     0.278009 0.274729 0.001223 0.000000 0.000013 0.000235
953     0.314383 0.311035 0.001215 0.000000 0.000012 0.000122
954     0.254809 0.251480 0.001266 0.000000 0.000012 0.000152
955     0.248118 0.245170 0.001161 0.000000 0.000013 0.000147
956     0.280424 0.277363 0.001053 0.000000 0.000012 0.000115
957     0.280389 0.277727 0.000962 0.000000 0.000013 0.000131
958     0.272508 0.268956 0.000977 0.000000 0.000010 0.000140
959     0.284733 0.281411 0.001086 0.000000 0.000012 0.000125
960     0.324320 0.320318 0.000671 0.000000 0.000007 0.000078
961     0.326940 0.324365 0.001167 0.000000 0.000013 0.000147
962     0.309417 0.306151 0.001042 0.000000 0.000009 0.000136
963     0.262463 0.260143 0.001045 0.000000 0.000011 0.000143
964     0.306586 0.303091 0.001102 0.000000 0.000016 0.000216
965     0.280705 0.276777 0.001189 0.000000 0.000012 0.000122
966     0.305564 0.302707 0.000937 0.000000 0.000012 0.000121
967     0.321303 0.317760 0.001030 0.000000 0.000011 0.000131
968     0.321790 0.318616 0.001022 0.000000 0.000011 0.000135
969     0.347575 0.345005 0.001067 0.000000 0.000012 0.000176
970     0.316634 0.313128 0.001074 0.000000 0.000008 0.000089
971     0.264622 0.261553 0.001084 0.000000 0.000013 0.000161
972     0.317152 0.312181 0.001304 0.000000 0.000013 0.000149
973     0.282449 0.277944 0.000944 0.000000 0.000013 0.000160
974     0.298075 0.294734 0.000957 0.000000 0.000012 0.000108
975     0.244236 0.241890 0.001226 0.000000 0.000013 0.000184
976     0.295020 0.291216 0.000994 0.000000 0.000013 0.000132
977     0.274144 0.270588 0.001196 0.000000 0.000013 0.000157
978     0.278113 0.274643 0.001087 0.000000 0.000013 0.000138
979     0.272489 0.268814 0.001042 0.000000 0.000013 0.000125
980     0.283808 0.280414 0.001474 0.000000 0.000011 0.000120
981     0.322180 0.320024 0.001029 0.000000 0.000013 0.000150
982     0.291928 0.288774 0.001255 0.000000 0.000012 0.000148
983     0.262737 0.258507 0.001855 0.000000 0.000013 0.000152
984     0.285114 0.281434 0.000894 0.000000 0.000011 0.000114
985     0.277940 0.273534 0.001153 0.000000 0.000012 0.000221
986     0.314736 0.310909 0.000871 0.000000 0.000007 0.000081
987     0.283337 0.280632 0.001162 0.000000 0.000013 0.000143
988     0.284069 0.280977 0.001182 0.000000 0.000012 0.000118
989     0.272551 0.269146 0.000949 0.000000 0.000013 0.000117
990     0.252405 0.249997 0.000822 0.000000 0.000007 0.000110
991     0.317538 0.314998 0.000915 0.000000 0.000009 0.000143
992     0.327419 0.322922 0.001098 0.000000 0.000013 0.000146
993     0.281164 0.277712 0.001088 0.000000 0.000012 0.000213
994     0.308309 0.305078 0.001148 0.000000 0.000012 0.000154
995     0.276879 0.273884 0.001021 0.000000 0.000006 0.000109
996     0.291650 0.288612 0.000731 0.000000 0.000013 0.000141
997     0.314933 0.311441 0.001324 0.000000 0.000014 0.000134
998     0.267716 0.264362 0.000893 0.000000 0.000007 0.000077
999     0.285223 0.283087 0.001077 0.000000 0.000019 0.000164
1000     0.393527 0.390862 0.000952 0.000000 0.000007 0.000086
1001     0.280421 0.277064 0.001119 0.000000 0.000013 0.000136
1002     0.324955 0.321032 0.001178 0.000000 0.000013 0.000157
1003     0.290254 0.286942 0.001121 0.000000 0.000012 0.000126
1004     0.310471 0.305795 0.001235 0.000000 0.000013 0.000130
1005     0.299057 0.296442 0.001001 0.000000 0.000011 0.000217
1006     0.284286 0.280746 0.001017 0.000000 0.000012 0.000118
1007     0.282688 0.279486 0.000865 0.000000 0.000009 0.000109
1008     0.270591 0.265766 0.001091 0.000000 0.000013 0.000128
1009     0.288448 0.284370 0.000962 0.000000 0.000012 0.000131
1010     0.244153 0.241319 0.001048 0.000000 0.000013 0.000126
1011     0.246466 0.244137 0.001034 0.000000 0.000012 0.000233
1012     0.223463 0.220667 0.001032 0.000000 0.000013 0.000116
1013     0.271779 0.268689 0.000982 0.000000 0.000012 0.000121
1014     0.272322 0.269301 0.001106 0.000000 0.000013 0.000116
1015     0.248056 0.245043 0.001087 0.000000 0.000012 0.000127
1016     0.281559 0.278327 0.001175 0.000000 0.000013 0.000113
1017     0.284083 0.281746 0.000832 0.000000 0.000013 0.000129
1018     0.249963 0.247248 0.001025 0.000000 0.000013 0.000120
1019     0.247542 0.244819 0.000997 0.000000 0.000012 0.000123
1020     0.298358 0.295078 0.000918 0.000000 0.000012 0.000203
1021     0.279416 0.275877 0.001073 0.000000 0.000015 0.000140
1022     0.280730 0.276616 0.000965 0.000000 0.000012 0.000110
1023     0.288989 0.286141 0.001185 0.000000 0.000012 0.000153
1024     0.292466 0.289321 0.001035 0.000000 0.000012 0.000111
1025     0.270371 0.266903 0.001060 0.000000 0.000013 0.000127
1026     0.277170 0.273741 0.001064 0.000000 0.000013 0.000120
1027     0.281014 0.277392 0.000976 0.000000 0.000011 0.000113
1028     0.290682 0.286719 0.001640 0.000000 0.000031 0.000161
1029     0.281377 0.278769 0.001008 0.000000 0.000013 0.000133
1030     0.279681 0.277000 0.000889 0.000000 0.000007 0.000082
1031     0.312584 0.309349 0.001381 0.000000 0.000013 0.000157
1032     0.283567 0.279159 0.000775 0.000000 0.000007 0.000082
1033     0.277682 0.273890 0.000835 0.000000 0.000007 0.000090
1034     0.285059 0.281134 0.001004 0.000000 0.000013 0.000114
1035     0.309941 0.307156 0.001126 0.000000 0.000013 0.000151
1036     0.273720 0.270112 0.001062 0.000000 0.000013 0.000134
1037     0.304103 0.300439 0.001142 0.000000 0.000013 0.000159
1038     0.266954 0.263177 0.001025 0.000000 0.000012 0.000139
1039     0.286461 0.283010 0.001055 0.000000 0.000012 0.000130
1040     0.298398 0.294797 0.000993 0.000000 0.000013 0.000114
1041     0.290628 0.287797 0.001089 0.000000 0.000013 0.000176
1042     0.248610 0.246047 0.000921 0.000000 0.000006 0.000079
1043     0.238877 0.236217 0.000939 0.000000 0.000011 0.000120
1044     0.236325 0.233338 0.000884 0.000000 0.000013 0.000116
1045     0.281439 0.278998 0.000740 0.000000 0.000006 0.000087
1046     0.336291 0.333545 0.001055 0.000000 0.000012 0.000120
1047     0.272563 0.270103 0.000784 0.000000 0.000006 0.000094
1048     0.306068 0.303036 0.000893 0.000000 0.000006 0.000075
1049     0.246241 0.243685 0.000940 0.000000 0.000013 0.000131
1050     0.359563 0.356065 0.001039 0.000000 0.000010 0.000101
1051     0.231760 0.229386 0.000921 0.000000 0.000013 0.000123
1052     0.278417 0.275803 0.001112 0.000000 0.000006 0.000068
1053     0.214498 0.212605 0.000916 0.000000 0.000012 0.000114
1054     0.213283 0.210876 0.000908 0.000000 0.000011 0.000099
1055     0.267239 0.264486 0.001062 0.000000 0.000013 0.000130
1056     0.315654 0.311035 0.001009 0.000000 0.000010 0.000093
1057     0.291197 0.287978 0.001032 0.000000 0.000013 0.000128
1058     0.279312 0.274951 0.000741 0.000000 0.000007 0.000076
1059     0.300754 0.298974 0.000843 0.000000 0.000007 0.000094
1060     0.254217 0.251479 0.001013 0.000000 0.000013 0.000162
1061     0.287896 0.284341 0.001074 0.000000 0.000014 0.000131
1062     0.278763 0.275791 0.001079 0.000000 0.000013 0.000132
1063     0.259230 0.255818 0.001125 0.000000 0.000013 0.000152
1064     0.312250 0.307416 0.000922 0.000000 0.000011 0.000105
1065     0.261000 0.258796 0.000953 0.000000 0.000011 0.000137
1066     0.286475 0.283529 0.001048 0.000000 0.000013 0.000123
1067     0.281196 0.278259 0.000899 0.000000 0.000010 0.000110
1068     0.282917 0.278552 0.001025 0.000000 0.000013 0.000114
1069     0.271327 0.267779 0.000980 0.000000 0.000012 0.000117
1070     0.297500 0.294997 0.000860 0.000000 0.000009 0.000098
1071     0.243857 0.241285 0.001477 0.000000 0.000013 0.000127
1072     0.290570 0.287545 0.001022 0.000000 0.000012 0.000109
1073     0.274288 0.270911 0.001023 0.000000 0.000013 0.000127
1074     0.279406 0.276336 0.001036 0.000000 0.000013 0.000114
1075     0.274675 0.270843 0.001066 0.000000 0.000013 0.000137
1076     0.344511 0.341366 0.000848 0.000000 0.000009 0.000125
1077     0.252914 0.250074 0.001121 0.000000 0.000022 0.000137
1078     0.279982 0.276057 0.001046 0.000000 0.000013 0.000178
1079     0.293017 0.289875 0.000849 0.000000 0.000008 0.000123
1080     0.276781 0.272405 0.001044 0.000000 0.000012 0.000134
1081     0.246006 0.243095 0.001112 0.000000 0.000012 0.000144
1082     0.335451 0.332115 0.001128 0.000000 0.000013 0.000128
1083     0.265527 0.263049 0.001074 0.000000 0.000013 0.000154
1084     0.279819 0.276833 0.000937 0.000000 0.000011 0.000159
1085     0.245467 0.241947 0.001696 0.000000 0.000030 0.000156
1086     0.248445 0.245236 0.001665 0.000000 0.000013 0.000119
1087     0.283249 0.280667 0.000748 0.000000 0.000013 0.000133
1088     0.300442 0.297394 0.000682 0.000000 0.000007 0.000085
1089     0.279239 0.276670 0.000999 0.000000 0.000012 0.000128
1090     0.285847 0.282227 0.000759 0.000000 0.000006 0.000077
1091     0.283628 0.280841 0.000845 0.000000 0.000013 0.000133
1092     0.278914 0.275273 0.000960 0.000000 0.000011 0.000107
1093     0.279246 0.275148 0.001047 0.000000 0.000013 0.000130
1094     0.245976 0.242926 0.000976 0.000000 0.000012 0.000133
1095     0.267334 0.264399 0.001143 0.000000 0.000013 0.000152
1096     0.280850 0.277283 0.000979 0.000000 0.000013 0.000119
1097     0.278213 0.274011 0.001060 0.000000 0.000013 0.000130
1098     0.283497 0.279786 0.001163 0.000000 0.000013 0.000143
1099     0.278645 0.275519 0.000964 0.000000 0.000011 0.000113
1100     0.285162 0.281680 0.000886 0.000000 0.000006 0.000074
1101     0.249412 0.247394 0.000926 0.000000 0.000013 0.000123
1102     0.262551 0.258827 0.001038 0.000000 0.000012 0.000897
1103     0.270845 0.267922 0.001004 0.000000 0.000011 0.000114
1104     0.287719 0.283006 0.000990 0.000000 0.000008 0.000090
1105     0.248273 0.245233 0.001096 0.000000 0.000012 0.000144
1106     0.282745 0.279279 0.000954 0.000000 0.000007 0.000090
1107     0.246999 0.244238 0.001139 0.000000 0.000012 0.000134
1108     0.287821 0.283365 0.001024 0.000000 0.000013 0.000121
1109     0.318496 0.313912 0.001162 0.000000 0.000176 0.000300
1110     0.284205 0.281050 0.001100 0.000000 0.000013 0.000151
1111     0.288266 0.285164 0.001006 0.000000 0.000012 0.000138
1112     0.275855 0.273167 0.000818 0.000000 0.000008 0.000088
1113     0.316038 0.313913 0.001092 0.000000 0.000008 0.000101
1114     0.296112 0.293608 0.001012 0.000000 0.000006 0.000077
1115     0.302317 0.299700 0.001138 0.000000 0.000008 0.000135
1116     0.262714 0.259349 0.001017 0.000000 0.000011 0.000116
1117     0.326680 0.322801 0.000920 0.000000 0.000007 0.000111
1118     0.321678 0.318940 0.000918 0.000000 0.000007 0.000114
1119     0.282766 0.279510 0.001065 0.000000 0.000013 0.000136
1120     0.315599 0.312986 0.001046 0.000000 0.000011 0.000111
1121     0.250277 0.247627 0.001022 0.000000 0.000011 0.000119
1122     0.275724 0.272434 0.001005 0.000000 0.000012 0.000115
1123     0.254651 0.250931 0.001172 0.000000 0.000013 0.000139
1124     0.273957 0.270854 0.001032 0.000000 0.000011 0.000097
1125     0.291248 0.288739 0.001127 0.000000 0.000013 0.000154
1126     0.277233 0.274045 0.001110 0.000000 0.000013 0.000237
1127     0.303400 0.299566 0.001222 0.000000 0.000012 0.000138
1128     0.347125 0.343709 0.001032 0.000000 0.000013 0.000119
1129     0.317539 0.313445 0.001090 0.000000 0.000013 0.000132
1130     0.321871 0.317268 0.001902 0.000000 0.000018 0.000120
1131     0.325242 0.322379 0.001067 0.000000 0.000012 0.000139
1132     0.344747 0.340630 0.001085 0.000000 0.000013 0.000125
1133     0.294792 0.291480 0.001079 0.000000 0.000012 0.000143
1134     0.289735 0.287381 0.000001 0.000000 0.000000 0.000000
1135     0.311519 0.304235 0.001010 0.000000 0.000011 0.000123
1136     0.295975 0.291535 0.000980 0.000000 0.000012 0.000225
1137     0.319147 0.316298 0.001142 0.000000 0.000014 0.000228
1138     0.297398 0.294007 0.001375 0.000000 0.000013 0.000115
1139     0.306358 0.302968 0.000835 0.000000 0.000006 0.000079
1140     0.301528 0.297566 0.000954 0.000000 0.000011 0.000101
1141     0.322166 0.318389 0.001299 0.000000 0.000016 0.000156
1142     0.303382 0.299685 0.001068 0.000000 0.000013 0.000131
1143     0.277722 0.275207 0.000932 0.000000 0.000007 0.000081
1144     0.307384 0.303976 0.000959 0.000000 0.000012 0.000113
1145     0.300786 0.297772 0.001040 0.000000 0.000006 0.000087
1146     0.334512 0.330879 0.001131 0.000000 0.000013 0.000147
1147     0.288818 0.285530 0.000961 0.000000 0.000006 0.000090
1148     0.291326 0.287994 0.000858 0.000000 0.000006 0.000109
1149     0.287682 0.285803 0.000924 0.000000 0.000006 0.000085
1150     0.250117 0.247579 0.001040 0.000000 0.000007 0.000133
1151     0.245721 0.243070 0.000890 0.000000 0.000007 0.000078
1152     0.228243 0.225704 0.000705 0.000000 0.000006 0.000060
1153     0.202169 0.200248 0.000727 0.000000 0.000005 0.000066
1154     0.209086 0.207134 0.000683 0.000000 0.000005 0.000063
1155     0.202958 0.201497 0.000713 0.000000 0.000005 0.000066
1156     0.205513 0.203302 0.000814 0.000000 0.000005 0.000059
1157     0.275397 0.272216 0.001078 0.000000 0.000012 0.000116
1158     0.248318 0.245925 0.000897 0.000000 0.000006 0.000071
1159     0.247616 0.245155 0.000996 0.000000 0.000011 0.000108
1160     0.274606 0.271756 0.000904 0.000000 0.000006 0.000071
1161     0.250287 0.247330 0.001115 0.000000 0.000006 0.000085
1162     0.309426 0.306079 0.000743 0.000000 0.000006 0.000098
1163     0.306962 0.304008 0.000811 0.000000 0.000012 0.000086
1164     0.339317 0.334862 0.000944 0.000000 0.000009 0.000123
1165     0.331962 0.327772 0.001232 0.000000 0.000009 0.000110
1166     0.314399 0.311410 0.001342 0.000000 0.000013 0.000154
1167     0.275078 0.272510 0.000919 0.000000 0.000013 0.000125
1168     0.260289 0.257600 0.001155 0.000000 0.000012 0.000109
1169     0.271570 0.269065 0.001071 0.000000 0.000012 0.000145
1170     0.217035 0.214277 0.001151 0.000000 0.000012 0.000133
1171     0.336137 0.332974 0.001429 0.000000 0.000007 0.000097
1172     0.277509 0.274044 0.000974 0.000000 0.000008 0.000127
1173     0.319806 0.317546 0.000996 0.000000 0.000010 0.000120
1174     0.284483 0.281319 0.000786 0.000000 0.000006 0.000076
1175     0.316819 0.313424 0.000778 0.000000 0.000006 0.000183
1176     0.303645 0.299181 0.000871 0.000000 0.000006 0.000069
1177     0.290516 0.287496 0.000918 0.000000 0.000007 0.000080
1178     0.267072 0.263403 0.001169 0.000000 0.000019 0.000148
1179     0.353004 0.350595 0.000866 0.000000 0.000007 0.000093
1180     0.307995 0.305013 0.000981 0.000000 0.000023 0.000115
1181     0.255467 0.252473 0.001034 0.000000 0.000013 0.000139
1182     0.289189 0.285719 0.000907 0.000000 0.000008 0.000081
1183     0.336077 0.332819 0.000748 0.000000 0.000006 0.000092
1184     0.294340 0.291355 0.000808 0.000000 0.000006 0.000076
1185     0.304647 0.302570 0.000707 0.000000 0.000007 0.000093
1186     0.285707 0.283420 0.000822 0.000000 0.000010 0.000078
1187     0.247605 0.245424 0.000823 0.000000 0.000006 0.000088
1188     0.248623 0.245775 0.000815 0.000000 0.000013 0.000077
1189     0.312353 0.309268 0.000712 0.000000 0.000007 0.000093
1190     0.244035 0.241477 0.001080 0.000000 0.000006 0.000082
1191     0.223644 0.221783 0.000814 0.000000 0.000007 0.000091
1192     0.223614 0.221658 0.000715 0.000000 0.000006 0.000071
1193     0.223220 0.221062 0.000837 0.000000 0.000006 0.000082
1194     0.237913 0.233597 0.000762 0.000000 0.000007 0.000199
1195     0.280339 0.276944 0.000819 0.000000 0.000008 0.000103
1196     0.320183 0.317888 0.000903 0.000000 0.000006 0.000072
1197     0.271057 0.268662 0.001009 0.000000 0.000008 0.000089
1198     0.252612 0.249344 0.001084 0.000000 0.000132 0.000247
1199     0.315200 0.312375 0.000959 0.000000 0.000008 0.000081
1200     0.313124 0.309020 0.000956 0.000000 0.000007 0.000100
1201     0.257729 0.255129 0.000938 0.000000 0.000010 0.000148
1202     0.257427 0.254299 0.000927 0.000000 0.000012 0.000113
1203     0.281543 0.279357 0.000848 0.000000 0.000006 0.000083
1204     0.269984 0.266912 0.000934 0.000000 0.000012 0.000110
1205     0.310579 0.307951 0.000827 0.000000 0.000007 0.000082
1206     0.248656 0.246298 0.000926 0.000000 0.000013 0.000118
1207     0.311732 0.309047 0.000786 0.000000 0.000006 0.000085
1208     0.209078 0.206600 0.000913 0.000000 0.000013 0.000116
1209     0.311721 0.309487 0.000826 0.000000 0.000006 0.000081
1210     0.202917 0.200822 0.000876 0.000000 0.000006 0.000073
1211     0.310720 0.308277 0.000847 0.000000 0.000007 0.000083
1212     0.262759 0.258606 0.000824 0.000000 0.000006 0.000075
1213     0.310389 0.307623 0.000969 0.000000 0.000007 0.000088
1214     0.249278 0.246819 0.000975 0.000000 0.000013 0.000115
1215     0.310743 0.307842 0.001747 0.000000 0.000007 0.000082
1216     0.299117 0.296145 0.000669 0.000000 0.000007 0.000092
1217     0.280028 0.277598 0.000827 0.000000 0.000007 0.000081
1218     0.297778 0.294385 0.001039 0.000000 0.000007 0.000071
1219     0.286788 0.284529 0.000853 0.000000 0.000008 0.000086
1220     0.256676 0.253653 0.000794 0.000000 0.000008 0.000074
1221     0.326218 0.323823 0.000939 0.000000 0.000009 0.000104
1222     0.286272 0.283720 0.000872 0.000000 0.000007 0.000064
1223     0.261818 0.258420 0.000880 0.000000 0.000008 0.000083
1224     0.301622 0.296832 0.000705 0.000000 0.000006 0.000075
1225     0.262096 0.259056 0.001242 0.000000 0.000013 0.000120
1226     0.308203 0.304896 0.001494 0.000000 0.000021 0.000087
1227     0.284173 0.282341 0.000817 0.000000 0.000006 0.000088
1228     0.254147 0.251973 0.000762 0.000000 0.000006 0.000069
1229     0.245682 0.243417 0.000812 0.000000 0.000007 0.000075
1230     0.313735 0.310847 0.000636 0.000000 0.000006 0.000070
1231     0.278114 0.276050 0.000779 0.000000 0.000006 0.000076
1232     0.262803 0.260631 0.000791 0.000000 0.000006 0.000066
1233     0.244292 0.242696 0.000675 0.000000 0.000005 0.000067
1234     0.212815 0.210869 0.000653 0.000000 0.000005 0.000061
1235     0.214852 0.212739 0.000735 0.000000 0.000005 0.000070
1236     0.210974 0.208753 0.000670 0.000000 0.000005 0.000061
1237     0.287024 0.283701 0.000667 0.000000 0.000005 0.000073
1238     0.269117 0.267029 0.000643 0.000000 0.000005 0.000069
1239     0.247757 0.245848 0.000919 0.000000 0.000010 0.000102
1240     0.283452 0.281092 0.000763 0.000000 0.000007 0.000073
1241     0.248384 0.246041 0.000761 0.000000 0.000006 0.000082
1242     0.235647 0.233557 0.000681 0.000000 0.000005 0.000063
1243     0.283097 0.279226 0.001664 0.000000 0.000017 0.000154
1244     0.323508 0.320419 0.001008 0.000000 0.000006 0.000070
1245     0.251651 0.249706 0.000968 0.000000 0.000006 0.000079
1246     0.286597 0.283311 0.001170 0.000000 0.000012 0.000135
1247     0.280975 0.277675 0.000891 0.000000 0.000006 0.000076
1248     0.296617 0.292135 0.001040 0.000000 0.000013 0.000126
1249     0.275235 0.272285 0.001000 0.000000 0.000013 0.000121
1250     0.305479 0.302622 0.001069 0.000000 0.000006 0.000066
1251     0.277349 0.274937 0.000983 0.000000 0.000007 0.000082
1252     0.276091 0.272940 0.000856 0.000000 0.000007 0.000064
1253     0.241003 0.237342 0.001027 0.000000 0.000016 0.000077
1254     0.288479 0.284731 0.000999 0.000000 0.000011 0.000125
1255     0.300687 0.297159 0.000941 0.000000 0.000012 0.000113
1256     0.315006 0.312208 0.000878 0.000000 0.000007 0.000062
1257     0.286826 0.284320 0.001116 0.000000 0.000013 0.000120
1258     0.306680 0.304000 0.000859 0.000000 0.000007 0.000073
1259     0.278982 0.275689 0.000891 0.000000 0.000007 0.000083
1260     0.280086 0.276492 0.000784 0.000000 0.000007 0.000063
1261     0.274675 0.270951 0.001173 0.000000 0.000013 0.000126
1262     0.281443 0.278790 0.000787 0.000000 0.000006 0.000074
1263     0.307397 0.305798 0.000703 0.000000 0.000007 0.000087
1264     0.272691 0.270640 0.000665 0.000000 0.000006 0.000070
1265     0.240589 0.239001 0.000001 0.000000 0.000000 0.000000
1266     0.322526 0.318913 0.000652 0.000000 0.000006 0.000078
1267     0.212129 0.209989 0.000688 0.000000 0.000006 0.000071
1268     0.209536 0.207583 0.000676 0.000000 0.000005 0.000060
1269     0.207690 0.206169 0.000696 0.000000 0.000005 0.000071
1270     0.217999 0.215368 0.000723 0.000000 0.000006 0.000068
1271     0.217573 0.215570 0.000717 0.000000 0.000006 0.000067
1272     0.214139 0.211419 0.000816 0.000000 0.000005 0.000063
1273     0.213790 0.211830 0.000693 0.000000 0.000005 0.000072
1274     0.218685 0.216848 0.000691 0.000000 0.000005 0.000058
1275     0.207368 0.205907 0.000682 0.000000 0.000005 0.000069
1276     0.207013 0.205122 0.000674 0.000000 0.000005 0.000067
1277     0.205544 0.203504 0.000776 0.000000 0.000006 0.000073
1278     0.217743 0.215785 0.000730 0.000000 0.000006 0.000061
1279     0.214429 0.212416 0.000761 0.000000 0.000006 0.000071
1280     0.299154 0.296901 0.000801 0.000000 0.000006 0.000075
1281     0.255233 0.253147 0.001012 0.000000 0.000007 0.000086
1282     0.254618 0.252216 0.000883 0.000000 0.000006 0.000078
1283     0.237566 0.234117 0.001901 0.000000 0.000013 0.000138
1284     0.263021 0.258539 0.000730 0.000000 0.000005 0.000095
1285     0.219545 0.216733 0.001133 0.000000 0.000013 0.000137
1286     0.291128 0.288183 0.001060 0.000000 0.000014 0.000128
1287     0.302478 0.299626 0.001006 0.000000 0.000011 0.000171
1288     0.266546 0.263786 0.000879 0.000000 0.000011 0.000109
1289     0.331100 0.328051 0.001030 0.000000 0.000009 0.000112
1290     0.261663 0.258786 0.000986 0.000000 0.000013 0.000135
1291     0.294788 0.291244 0.000809 0.000000 0.000007 0.000086
1292     0.374142 0.371026 0.001005 0.000000 0.000012 0.000115
1293     0.306094 0.303267 0.001450 0.000000 0.000012 0.000142
1294     0.254394 0.251805 0.000812 0.000000 0.000008 0.000089
1295     0.322723 0.318983 0.001217 0.000000 0.000011 0.000132
1296     0.272877 0.268396 0.001064 0.000000 0.000013 0.000138
1297     0.321445 0.317292 0.001061 0.000000 0.000013 0.000139
1298     0.282061 0.279013 0.001004 0.000000 0.000007 0.000105
1299     0.297772 0.295697 0.001093 0.000000 0.000013 0.000120
1300     0.280115 0.276419 0.001205 0.000000 0.000013 0.000119
1301     0.286311 0.282515 0.000888 0.000000 0.000012 0.000123
1302     0.253518 0.250788 0.000975 0.000000 0.000014 0.000119
1303     0.313093 0.309946 0.001059 0.000000 0.000013 0.000122
1304     0.325290 0.321479 0.001006 0.000000 0.000010 0.000134
1305     0.316956 0.313804 0.000996 0.000000 0.000014 0.000119
1306     0.272266 0.269277 0.000622 0.000000 0.000006 0.000100
1307     0.248997 0.245741 0.001146 0.000000 0.000013 0.000139
1308     0.303707 0.299426 0.000727 0.000000 0.000005 0.000069
1309     0.220297 0.217746 0.000843 0.000000 0.000009 0.000103
1310     0.259824 0.257332 0.000688 0.000000 0.000006 0.000076
1311     0.246321 0.244443 0.000994 0.000000 0.000007 0.000101
1312     0.333866 0.330578 0.000855 0.000000 0.000011 0.000130
1313     0.326325 0.322825 0.001229 0.000000 0.000013 0.000169
1314     0.331947 0.328835 0.001033 0.000000 0.000013 0.000140
1315     0.286668 0.284151 0.001206 0.000000 0.000012 0.000143
1316     0.287688 0.284487 0.000785 0.000000 0.000008 0.000110
1317     0.287816 0.285747 0.000940 0.000000 0.000008 0.000111
1318     0.351695 0.347803 0.001307 0.000000 0.000016 0.000193
1319     0.326171 0.322097 0.001283 0.000000 0.000013 0.000161
1320     0.294558 0.288903 0.000916 0.000000 0.000012 0.000109
1321     0.279369 0.275884 0.000724 0.000000 0.000007 0.000104
1322     0.274637 0.271986 0.000867 0.000000 0.000006 0.000108
1323     0.280816 0.278581 0.001237 0.000000 0.000012 0.000139
1324     0.318352 0.315408 0.000723 0.000000 0.000006 0.000084
1325     0.251299 0.248453 0.001252 0.000000 0.000012 0.000129
1326     0.291177 0.288370 0.000904 0.000000 0.000011 0.000100
1327     0.266005 0.262710 0.001039 0.000000 0.000013 0.000126
1328     0.297285 0.294795 0.000640 0.000000 0.000007 0.000120
1329     0.251264 0.248995 0.000812 0.000000 0.000006 0.000085
1330     0.280358 0.278032 0.000845 0.000000 0.000013 0.000113
1331     0.246332 0.243946 0.000735 0.000000 0.000008 0.000093
1332     0.246833 0.243889 0.000853 0.000000 0.000011 0.000102
1333     0.309693 0.306011 0.000644 0.000000 0.000007 0.000080
1334     0.231146 0.228682 0.000986 0.000000 0.000024 0.000118
1335     0.250852 0.249370 0.000633 0.000000 0.000006 0.000087
1336     0.274785 0.272890 0.000700 0.000000 0.000005 0.000157
1337     0.216717 0.214317 0.000935 0.000000 0.000012 0.000112
1338     0.285521 0.281951 0.000897 0.000000 0.000013 0.000117
1339     0.218090 0.216810 0.000931 0.000000 0.000013 0.000114
