1    0.000485
2    0.000485
3    0.000472
4    0.000477
5    0.000460
6    0.000471
7    0.000470
8    0.000463
9    0.000466
10    0.000470
11    0.000525
12    0.000473
13    0.000473
14    0.000475
15    0.000494
16    0.000465
17    0.000468
18    0.000473
19    0.000542
20    0.000495
21    0.000455
22    0.000660
23    0.000809
24    0.000847
25    0.000706
26    0.000689
27    0.000892
28    0.000591
29    0.000521
30    0.000531
31    0.000537
32    0.000527
33    0.000533
34    0.000471
35    0.000470
36    0.000516
37    0.000493
38    0.000552
39    0.000460
40    0.000501
41    0.000452
42    0.000617
43    0.000741
44    0.000550
45    0.000517
46    0.000521
47    0.000513
48    0.000495
49    0.000772
50    0.000562
51    0.000443
52    0.000478
53    0.000467
54    0.000472
55    0.000471
56    0.000527
57    0.000472
58    0.000471
59    0.000461
60    0.000478
61    0.000459
62    0.000518
63    0.000491
64    0.000461
65    0.000532
66    0.000494
67    0.000471
68    0.000566
69    0.000461
70    0.000467
71    0.000462
72    0.000559
73    0.000494
74    0.000488
75    0.000500
76    0.000675
77    0.000667
78    0.000895
79    0.000841
80    0.000827
81    0.000824
82    0.000855
83    0.000827
84    0.000791
85    0.000798
86    0.000767
87    0.000757
88    0.000846
89    0.000770
90    0.000741
91    0.000727
92    0.000728
93    0.000783
94    0.000717
95    0.000705
96    0.000711
97    0.000843
98    0.000779
99    0.000718
100    0.000707
101    0.000717
102    0.000807
103    0.000726
104    0.000852
105    0.000759
106    0.000738
107    0.000765
108    0.000915
109    0.000800
110    0.000773
111    0.000756
112    0.000864
113    0.000784
114    0.000777
115    0.000769
116    0.000851
117    0.000785
118    0.000789
119    0.000772
120    0.000772
121    0.000772
122    0.000789
123    0.000745
124    0.000861
125    0.001072
126    0.000862
127    0.000848
128    0.000873
129    0.000859
130    0.000924
131    0.000859
132    0.000846
133    0.000864
134    0.000900
135    0.000861
136    0.000856
137    0.000884
138    0.000808
139    0.000858
140    0.000801
141    0.000809
142    0.000794
143    0.000938
144    0.000912
145    0.000951
146    0.000803
147    0.000793
148    0.000832
149    0.000780
150    1.460938
151    0.043474
152    0.092216
153    0.066486
154    0.094410
155    0.067886
156    0.089202
157    0.075103
158    0.090497
159    0.070483
160    0.095563
161    0.074556
162    0.065564
163    0.063725
164    0.065003
165    0.064935
166    0.067631
167    0.060205
168    0.058971
169    0.055435
170    0.057192
171    0.054323
172    0.058980
173    0.055472
174    0.054289
175    0.053780
176    0.055145
177    0.054935
178    0.056590
179    0.056219
180    0.056938
181    0.056025
182    0.055099
183    0.057429
184    0.057340
185    0.055717
186    0.055844
187    0.055377
188    0.056055
189    0.054024
190    0.064116
191    0.056331
192    0.054100
193    0.062884
194    0.063700
195    0.051602
196    0.054122
197    0.057579
198    0.052230
199    0.053201
200    0.064094
201    0.085105
202    0.072388
203    0.060580
204    0.059144
205    0.059579
206    0.061075
207    0.087492
208    0.066572
209    0.060945
210    0.070288
211    0.083565
212    0.069088
213    0.059501
214    0.063214
215    0.061351
216    0.060427
217    0.087327
218    0.071754
219    0.061836
220    0.061851
221    0.060414
222    0.061382
223    0.060239
224    0.060535
225    0.059181
226    0.063763
227    0.061730
228    0.059453
229    0.061034
230    0.057182
231    0.059466
232    0.062645
233    0.092975
234    0.070366
235    0.088226
236    0.077076
237    0.061831
238    0.070230
239    0.062996
240    0.063035
241    0.061766
242    0.073130
243    0.066651
244    0.076454
245    0.078871
246    0.073443
247    0.073542
248    0.074130
249    0.072943
250    0.130128
251    0.063080
252    0.058529
253    0.060635
254    0.067582
255    0.067891
256    0.067189
257    0.068414
258    0.069762
259    0.070110
260    0.101842
261    0.084298
262    0.084587
263    0.082609
264    0.110348
265    0.090910
266    0.082004
267    0.083656
268    0.085740
269    0.081084
270    0.082913
271    0.081453
272    0.081758
273    0.083277
274    0.127314
275    0.112202
276    0.084459
277    0.107128
278    0.083705
279    0.116353
280    0.090390
281    0.103432
282    0.099812
283    0.106410
284    0.117508
285    0.109868
286    0.096314
287    0.084518
288    0.084117
289    0.115843
290    0.114240
291    0.084381
292    0.087557
293    0.081808
294    0.085204
295    0.108369
296    0.083285
297    0.081436
298    0.083832
299    0.083754
300    0.092061
301    0.063880
302    0.061479
303    0.060950
304    0.061513
305    0.068276
306    0.064650
307    0.073754
308    0.073348
309    0.069308
310    0.073846
311    0.069245
312    0.069851
313    0.072512
314    0.069118
315    0.071414
316    0.071797
317    0.068140
318    0.067737
319    0.071002
320    0.067852
321    0.070838
322    0.117264
323    0.086447
324    0.085253
325    0.122023
326    0.089649
327    0.085205
328    0.085304
329    0.085810
330    0.083450
331    0.082872
332    0.080886
333    0.079881
334    0.084573
335    0.084804
336    0.083004
337    0.083341
338    0.080337
339    0.073787
340    0.117486
341    0.083189
342    0.083008
343    0.083279
344    0.084009
345    0.081835
346    0.084573
347    0.083531
348    0.084567
349    0.083848
350    0.092231
351    0.062286
352    0.057942
353    0.052775
354    0.052768
355    0.061560
356    0.097036
357    0.078582
358    0.076039
359    0.074770
360    0.074731
361    0.086726
362    0.083691
363    0.087053
364    0.087597
365    0.085215
366    0.083602
367    0.082673
368    0.075067
369    0.072457
370    0.072540
371    0.070255
372    0.072947
373    0.074790
374    0.073359
375    0.071107
376    0.072656
377    0.070777
378    0.074193
379    0.070803
380    0.070738
381    0.070597
382    0.073574
383    0.070108
384    0.069651
385    0.071938
386    0.075821
387    0.109674
388    0.087140
389    0.082058
390    0.081357
391    0.083126
392    0.082704
393    0.085382
394    0.114994
395    0.083775
396    0.087787
397    0.109783
398    0.087934
399    0.085690
400    0.098937
401    0.064422
402    0.063711
403    0.064804
404    0.095900
405    0.109883
406    0.091946
407    0.097169
408    0.082000
409    0.075428
410    0.076383
411    0.077467
412    0.081397
413    0.084313
414    0.119681
415    0.086047
416    0.083732
417    0.083129
418    0.087161
419    0.083695
420    0.081665
421    0.085843
422    0.084628
423    0.082407
424    0.078293
425    0.090872
426    0.114723
427    0.086429
428    0.100705
429    0.084892
430    0.089357
431    0.086218
432    0.084891
433    0.083907
434    0.098531
435    0.109682
436    0.105963
437    0.085896
438    0.120952
439    0.088538
440    0.087385
441    0.110864
442    0.129849
443    0.123439
444    0.089460
445    0.085151
446    0.116971
447    0.097642
448    0.105493
449    0.093428
450    0.098877
451    0.067833
452    0.063917
453    0.097844
454    0.072763
455    0.072612
456    0.069440
457    0.076073
458    0.074509
459    0.079204
460    0.080593
461    0.085810
462    0.085981
463    0.085672
464    0.122580
465    0.118390
466    0.091701
467    0.088272
468    0.088652
469    0.084086
470    0.089474
471    0.087728
472    0.089516
473    0.085691
474    0.087127
475    0.087596
476    0.085075
477    0.087445
478    0.124845
479    0.091051
480    0.089636
481    0.109739
482    0.100727
483    0.085953
484    0.086668
485    0.083031
486    0.081433
487    0.106637
488    0.105067
489    0.090273
490    0.093178
491    0.091533
492    0.116612
493    0.121687
494    0.091659
495    0.088446
496    0.092607
497    0.090176
498    0.090841
499    0.089825
500    0.100268
501    0.070198
502    0.068727
503    0.067325
504    0.059985
505    0.059969
506    0.065624
507    0.060490
508    0.066359
509    0.065319
510    0.066504
511    0.067751
512    0.065616
513    0.089500
514    0.090125
515    0.086704
516    0.086524
517    0.081725
518    0.084731
519    0.077092
520    0.080807
521    0.079771
522    0.077383
523    0.080863
524    0.118445
525    0.090966
526    0.093033
527    0.090771
528    0.109158
529    0.117784
530    0.088080
531    0.087194
532    0.087828
533    0.087331
534    0.118907
535    0.093655
536    0.090595
537    0.121159
538    0.106963
539    0.089729
540    0.087249
541    0.084619
542    0.088772
543    0.091034
544    0.090570
545    0.089236
546    0.090145
547    0.088222
548    0.122484
549    0.088925
550    0.101109
551    0.069865
552    0.066576
553    0.065006
554    0.065131
555    0.073847
556    0.075055
557    0.073042
558    0.069399
559    0.068181
560    0.108998
561    0.091311
562    0.117822
563    0.097600
564    0.088856
565    0.092991
566    0.138996
567    0.097205
568    0.089738
569    0.089746
570    0.089001
571    0.085613
572    0.090011
573    0.118725
574    0.092022
575    0.100271
576    0.100870
577    0.080228
578    0.087695
579    0.075674
580    0.081335
581    0.086232
582    0.089556
583    0.089433
584    0.088785
585    0.087175
586    0.120932
587    0.085659
588    0.077353
589    0.079540
590    0.078596
591    0.076437
592    0.102415
593    0.090356
594    0.093101
595    0.092134
596    0.094251
597    0.124784
598    0.102452
599    0.093718
600    0.102232
601    0.098289
602    0.073097
603    0.067963
604    0.069774
605    0.108603
606    0.083627
607    0.076183
608    0.077535
609    0.076606
610    0.082351
611    0.079602
612    0.079569
613    0.089368
614    0.122061
615    0.097114
616    0.090168
617    0.087435
618    0.122902
619    0.091763
620    0.124140
621    0.091961
622    0.090901
623    0.096451
624    0.128454
625    0.090845
626    0.090884
627    0.089943
628    0.120838
629    0.098390
630    0.091998
631    0.091985
632    0.090516
633    0.089183
634    0.092578
635    0.090092
636    0.126879
637    0.094367
638    0.094400
639    0.118291
640    0.091393
641    0.088552
642    0.086224
643    0.101436
644    0.112049
645    0.094951
646    0.124818
647    0.096283
648    0.123325
649    0.111551
650    0.103309
651    0.071314
652    0.071500
653    0.070946
654    0.067856
655    0.083929
656    0.074598
657    0.076155
658    0.074957
659    0.070650
660    0.069526
661    0.078942
662    0.077600
663    0.080796
664    0.084585
665    0.083177
666    0.082342
667    0.078420
668    0.077273
669    0.081461
670    0.080004
671    0.080008
672    0.078540
673    0.077015
674    0.127059
675    0.092372
676    0.090848
677    0.089654
678    0.090156
679    0.088935
680    0.088819
681    0.087745
682    0.089380
683    0.079736
684    0.077893
685    0.079097
686    0.076751
687    0.075080
688    0.078521
689    0.078994
690    0.095234
691    0.099700
692    0.086945
693    0.085103
694    0.089694
695    0.088817
696    0.121385
697    0.094982
698    0.093555
699    0.091747
700    0.104420
701    0.105069
702    0.080689
703    0.069311
704    0.069587
705    0.098258
706    0.084556
707    0.075099
708    0.078385
709    0.079137
710    0.080180
711    0.080772
712    0.093781
713    0.138263
714    0.099921
715    0.092733
716    0.088031
717    0.078724
718    0.071797
719    0.073256
720    0.075439
721    0.074647
722    0.075906
723    0.076420
724    0.111763
725    0.092033
726    0.119880
727    0.092285
728    0.084360
729    0.125914
730    0.095714
731    0.088902
732    0.133725
733    0.098208
734    0.094693
735    0.093591
736    0.096070
737    0.094924
738    0.128822
739    0.127843
740    0.136113
741    0.107227
742    0.094209
743    0.090689
744    0.090731
745    0.091375
746    0.091852
747    0.090698
748    0.093291
749    0.086561
750    0.086090
751    0.060805
752    0.056988
753    0.057707
754    0.059156
755    0.056465
756    0.065046
757    0.062768
758    0.072107
759    0.067968
760    4.158919
761    0.087440
762    0.074029
763    0.068772
764    0.104859
765    0.073983
766    0.071902
767    0.068564
768    0.068174
769    0.069422
770    0.068587
771    0.068651
772    0.071791
773    0.066991
774    0.068583
775    0.068711
776    0.062000
777    0.059242
778    0.063943
779    0.061106
780    0.059679
781    0.061302
782    0.057815
783    0.060367
784    0.063609
785    0.060523
786    0.058936
787    0.060503
788    0.061895
789    0.060884
790    0.065815
791    0.061789
792    0.061207
793    0.058845
794    0.058891
795    0.057740
796    0.060078
797    0.058757
798    0.060099
799    0.061923
800    0.074250
801    0.057861
802    0.060385
803    0.059930
804    0.063144
805    0.058565
806    0.091787
807    0.069827
808    0.069358
809    0.068954
810    0.090779
811    0.072057
812    0.069894
813    0.070002
814    0.075351
815    0.071468
816    0.070794
817    0.072595
818    0.072048
819    0.072240
820    0.071519
821    0.090765
822    0.080931
823    0.070072
824    0.068738
825    0.069208
826    0.070464
827    0.069210
828    0.069376
829    0.070582
830    0.073111
831    0.071783
832    0.074178
833    0.070526
834    0.072499
835    0.100105
836    0.070963
837    0.074085
838    0.073836
839    0.070166
840    0.070851
841    0.070754
842    0.110444
843    0.094680
844    0.086459
845    0.070556
846    0.069349
847    0.070812
848    0.100900
849    0.073863
850    0.088993
851    0.069544
852    0.070083
853    0.067442
854    0.066792
855    0.070413
856    0.070672
857    0.069400
858    0.071674
859    0.065420
860    0.061872
861    0.062178
862    0.062826
863    0.059808
864    0.060968
865    0.062697
866    0.058435
867    0.062664
868    0.063018
869    0.059858
870    0.060954
871    0.065315
872    0.060676
873    0.058794
874    0.059465
875    0.062521
876    0.061654
877    0.064740
878    0.062411
879    0.060774
880    0.061585
881    0.061884
882    0.059563
883    0.063468
884    0.063115
885    0.063691
886    0.065411
887    0.060618
888    0.061837
889    0.061578
890    0.063319
891    0.067353
892    0.061238
893    0.058768
894    0.066184
895    0.062878
896    0.059403
897    0.059032
898    0.066533
899    0.063892
900    0.070872
901    0.061157
902    0.058924
903    0.055585
904    0.063605
905    0.058891
906    0.057486
907    0.060649
908    0.061706
909    0.095966
910    0.108615
911    0.074251
912    0.070016
913    0.069713
914    0.068445
915    0.069548
916    0.072086
917    0.068883
918    0.069180
919    0.069665
920    0.064062
921    0.058938
922    0.064627
923    0.061311
924    0.060713
925    0.063621
926    0.061118
927    0.061150
928    0.061832
929    0.060757
930    0.059392
931    0.059026
932    0.060820
933    0.060379
934    0.062375
935    0.062288
936    0.060809
937    0.059631
938    0.061789
939    0.061939
940    0.060743
941    0.058861
942    0.063475
943    0.060819
944    0.059897
945    0.062734
946    0.062872
947    0.098091
948    0.078428
949    0.107932
950    0.094260
951    0.068821
952    0.071243
953    0.091008
954    0.074271
955    0.070731
956    0.071173
957    0.070482
958    0.083296
959    0.068694
960    0.069367
961    0.070588
962    0.071558
963    0.071965
964    0.082073
965    0.071883
966    0.073999
967    0.073820
968    0.097342
969    0.074498
970    0.072889
971    0.070650
972    0.070100
973    0.073245
974    0.073449
975    0.070802
976    0.072202
977    0.074128
978    0.070926
979    0.068751
980    0.063583
981    0.065499
982    0.065525
983    0.064848
984    0.095625
985    0.071445
986    0.068863
987    0.081613
988    0.074974
989    0.070885
990    0.073207
991    0.070851
992    0.071593
993    0.071025
994    0.075255
995    0.069593
996    0.070375
997    0.071012
998    0.061777
999    0.062415
1000    0.077356
1001    0.059708
1002    0.060367
1003    0.061975
1004    0.061420
1005    0.060791
1006    0.063309
1007    0.061605
1008    0.102984
1009    0.077030
1010    0.070572
1011    0.069607
1012    0.072898
1013    0.069944
1014    0.101248
1015    0.095477
1016    0.073885
1017    0.071249
1018    0.073461
1019    0.098537
1020    0.094942
1021    0.074074
1022    0.072008
1023    0.070667
1024    0.074435
1025    0.071465
1026    0.073914
1027    0.073239
1028    0.073174
1029    0.071494
1030    0.065365
1031    0.060998
1032    0.063382
1033    0.060231
1034    0.100297
1035    0.076825
1036    0.117007
1037    0.085865
1038    0.071022
1039    0.081299
1040    0.072279
1041    0.067927
1042    0.073365
1043    0.073169
1044    0.098619
1045    0.073117
1046    0.072143
1047    0.070268
1048    0.074144
1049    0.070303
1050    0.083757
1051    0.086129
1052    0.075709
1053    0.071661
1054    0.073658
1055    0.086196
1056    0.073636
1057    0.071800
1058    0.075209
1059    0.072393
1060    0.073965
1061    0.070992
1062    0.071262
1063    0.070535
1064    0.069561
1065    0.069994
1066    0.071481
1067    0.065005
1068    0.062825
1069    0.060421
1070    0.062604
1071    0.060098
1072    0.065756
1073    0.098189
1074    0.101263
1075    0.111742
1076    0.078682
1077    0.115717
1078    0.108432
1079    0.075537
1080    0.100650
1081    0.074902
1082    0.091277
1083    0.100592
1084    0.077403
1085    0.107163
1086    0.076177
1087    0.070287
1088    0.087056
1089    0.102672
1090    0.091608
1091    0.092170
1092    0.070712
1093    0.071865
1094    0.071041
1095    0.071806
1096    0.079552
1097    0.076186
1098    0.103520
1099    0.076522
1100    0.086824
1101    0.076656
1102    0.101209
1103    0.073493
1104    0.072112
1105    0.072591
1106    0.079565
1107    0.071527
1108    0.073296
1109    0.071340
1110    0.071548
1111    0.074178
1112    0.072395
1113    0.095662
1114    0.110710
1115    0.077023
1116    0.073399
1117    0.073752
1118    0.069612
1119    0.065269
1120    0.062934
1121    0.060018
1122    0.062912
1123    0.058018
1124    0.064335
1125    0.061763
1126    0.069123
1127    0.060649
1128    0.105671
1129    0.075425
1130    0.069583
1131    0.074453
1132    0.075682
1133    0.071924
1134    0.073264
1135    0.071561
1136    0.072272
1137    0.069802
1138    0.112175
1139    0.075358
1140    0.073623
1141    0.074112
1142    0.080598
1143    0.075034
1144    0.114855
1145    0.075399
1146    0.084369
1147    0.069257
1148    0.069918
1149    0.070740
1150    0.116156
1151    0.067828
1152    0.067910
1153    0.067531
1154    0.069182
1155    0.066926
1156    0.070527
1157    0.068128
1158    0.069927
1159    0.069780
1160    0.070534
1161    0.109482
1162    0.081478
1163    0.078738
1164    0.108935
1165    0.079682
1166    0.073688
1167    0.080401
1168    0.075680
1169    0.072618
1170    0.071721
1171    0.073700
1172    0.074079
1173    0.075828
1174    0.077190
1175    0.065944
1176    0.064960
1177    0.071094
1178    0.073042
1179    0.072623
1180    0.075646
1181    0.077433
1182    0.072851
1183    0.070775
1184    0.071910
1185    0.073903
1186    0.068000
1187    0.065492
1188    0.064270
1189    0.064832
1190    0.063933
1191    0.062362
1192    0.065962
1193    0.065881
1194    0.063652
1195    0.063443
1196    0.068422
1197    0.067256
1198    0.064414
1199    0.063383
1200    0.078315
1201    0.062786
1202    0.064074
1203    0.063951
1204    0.065935
1205    0.064410
1206    0.066304
1207    0.061999
1208    0.063691
1209    0.066584
1210    0.066732
1211    0.065756
1212    0.072858
1213    0.065215
1214    0.065144
1215    0.065191
1216    0.067030
1217    0.064916
1218    0.065396
1219    0.063637
1220    0.064080
1221    0.065371
1222    0.070287
1223    0.065356
1224    0.071505
1225    0.083685
1226    0.072026
1227    0.072044
1228    0.075216
1229    0.069875
1230    0.071953
1231    0.103861
1232    0.073792
1233    0.071562
1234    0.109331
1235    0.076225
1236    0.102485
1237    0.079849
1238    0.065204
1239    0.099194
1240    0.113916
1241    0.078976
1242    0.079346
1243    0.074481
1244    0.073320
1245    0.070812
1246    0.078680
1247    0.072310
1248    0.077983
1249    0.076632
1250    0.090256
1251    0.064747
1252    0.061609
1253    0.060893
1254    0.101817
1255    0.074568
1256    0.071761
1257    0.071160
1258    0.076012
1259    0.077964
1260    0.078108
1261    0.105872
1262    0.084141
1263    0.101291
1264    0.085025
1265    0.120730
1266    0.090425
1267    0.104657
1268    0.081123
1269    0.073656
1270    0.076142
1271    0.074789
1272    0.072310
1273    0.072616
1274    0.072894
1275    0.071311
1276    0.076445
1277    0.071213
1278    0.074019
1279    0.075241
1280    0.074183
1281    0.109489
1282    0.082378
1283    0.073135
1284    0.074577
1285    0.076783
1286    0.108937
1287    0.079852
1288    0.079580
1289    0.113182
1290    0.077090
1291    0.102542
1292    0.081037
1293    0.073221
1294    0.076499
1295    0.075279
1296    0.104968
1297    0.077628
1298    0.105990
1299    0.094323
1300    0.131312
1301    0.075131
1302    0.074022
1303    0.074523
1304    0.103307
1305    0.076304
1306    0.074838
1307    0.106715
1308    0.078940
1309    0.070535
1310    0.075625
1311    0.071851
1312    0.073796
1313    0.072891
1314    0.071838
1315    0.097786
1316    0.081955
1317    0.076309
1318    0.079083
1319    0.075845
1320    0.111808
1321    0.105291
1322    0.078568
1323    0.073253
1324    0.078349
1325    0.072439
1326    0.072356
1327    0.073742
1328    0.074271
1329    0.074552
1330    0.079493
1331    0.073187
1332    0.109884
1333    0.083084
1334    0.077132
1335    0.073270
1336    0.079419
1337    0.075506
1338    0.075308
1339    0.075542
1340    0.083473
1341    0.107023
1342    0.104378
1343    0.085803
1344    0.116581
1345    0.092780
1346    0.106609
1347    0.086094
1348    0.132051
1349    0.115685
1350    0.111701
1351    0.074719
1352    0.072113
1353    0.103110
1354    0.078941
1355    0.071171
1356    0.080986
1357    0.102127
1358    0.106384
1359    0.118242
1360    0.089919
1361    0.082518
1362    0.090877
1363    0.120088
1364    0.134837
1365    0.097539
1366    0.101434
1367    0.095811
1368    0.097845
1369    0.099516
1370    4.390130
1371    0.102444
1372    0.080196
1373    0.091562
1374    0.076307
1375    0.071698
1376    0.094764
1377    0.102346
1378    0.078720
1379    0.072024
1380    0.072901
1381    0.075647
1382    0.072442
1383    0.077986
1384    0.080381
1385    0.072052
1386    0.073911
1387    0.074109
1388    0.075358
1389    0.105026
1390    0.081921
1391    0.074306
1392    0.073818
1393    0.104177
1394    0.082209
1395    0.114446
1396    0.088145
1397    0.073792
1398    0.076388
1399    0.108912
1400    0.096694
1401    0.076562
1402    0.084576
1403    0.103342
1404    0.084562
1405    0.079131
1406    0.075984
1407    0.077682
1408    0.079386
1409    0.073447
1410    0.072406
1411    0.071051
1412    0.070501
1413    0.070725
1414    0.073747
1415    0.064126
1416    0.062801
1417    0.063547
1418    0.062161
1419    0.062937
1420    0.068356
1421    0.062400
1422    0.060569
1423    0.060488
1424    0.061694
1425    0.061347
1426    0.110064
1427    0.074451
1428    0.070098
1429    0.067433
1430    0.069349
1431    0.068700
1432    0.073407
1433    0.073091
1434    0.070104
1435    0.084879
1436    0.074938
1437    0.076104
1438    0.078472
1439    0.072216
1440    0.072793
1441    0.073234
1442    0.075124
1443    0.071440
1444    0.068054
1445    0.067325
1446    0.063503
1447    0.062621
1448    0.065500
1449    0.098781
1450    0.094170
1451    0.073464
1452    0.069574
1453    0.072249
1454    0.069974
1455    0.069565
1456    0.073135
1457    0.070618
1458    0.100265
1459    0.083012
1460    0.071061
1461    0.080177
1462    0.073734
1463    0.072467
1464    0.072584
1465    0.071074
1466    0.071197
1467    0.073458
1468    0.075066
1469    0.074490
1470    0.066662
1471    0.064872
1472    0.064311
1473    0.062584
1474    0.066213
1475    0.071246
1476    0.068870
1477    0.062264
1478    0.082138
1479    0.083943
1480    0.071790
1481    0.069122
1482    0.068436
1483    0.068458
1484    0.069086
1485    0.068122
1486    0.073449
1487    0.068804
1488    0.067917
1489    0.059521
1490    0.055679
1491    0.055589
1492    0.056750
1493    0.055385
1494    0.053572
1495    0.055014
1496    0.052612
1497    0.055275
1498    0.057439
1499    0.056048
1500    0.069216
1501    0.094040
1502    0.077707
1503    0.064529
1504    0.062620
1505    0.060276
1506    0.093205
1507    0.076629
1508    0.068256
1509    0.069191
1510    0.072565
1511    0.070628
1512    0.071132
1513    0.070542
1514    0.070151
1515    0.069243
1516    0.071315
1517    0.063669
1518    0.060097
1519    0.059654
1520    0.062591
1521    0.064996
1522    0.067323
1523    0.060718
1524    0.059933
1525    0.060303
1526    0.059605
1527    0.063610
1528    0.063187
1529    0.062597
1530    0.063390
1531    0.060201
1532    0.060762
1533    0.063843
1534    0.063151
1535    0.060961
1536    0.065169
1537    0.063974
1538    0.061681
1539    0.064675
1540    0.065318
1541    0.060644
1542    0.060533
1543    0.057297
1544    0.060293
1545    0.062305
1546    0.065120
1547    0.059142
1548    0.059492
1549    0.060309
1550    0.071775
1551    0.063802
1552    0.068799
1553    0.065794
1554    0.067298
1555    0.090975
1556    0.103879
1557    0.076354
1558    0.073962
1559    0.072030
1560    0.073495
1561    0.070180
1562    0.072286
1563    0.070742
1564    0.073513
1565    0.074727
1566    0.074161
1567    0.105125
1568    0.082884
1569    0.071561
1570    0.074190
1571    0.071745
1572    0.084214
1573    0.070763
1574    0.069756
1575    0.100912
1576    0.077997
1577    0.071375
1578    0.073377
1579    0.071366
1580    0.084390
1581    0.070494
1582    0.074416
1583    0.072397
1584    0.070434
1585    0.071371
1586    0.071960
1587    0.068778
1588    0.065745
1589    0.063114
1590    0.060699
1591    0.062815
1592    0.066853
1593    0.062336
1594    0.088895
1595    0.076360
1596    0.074230
1597    0.076759
1598    0.075234
1599    0.075699
1600    0.092637
1601    0.069715
1602    0.071385
1603    0.066406
1604    0.060746
1605    0.056960
1606    0.062975
1607    0.095228
1608    0.071273
1609    0.058580
1610    0.060409
1611    0.070522
1612    0.060139
1613    0.058759
1614    0.095750
1615    0.077622
1616    0.069903
1617    0.100288
1618    0.075632
1619    0.071879
1620    0.072813
1621    0.069327
1622    0.069925
1623    0.071074
1624    0.074422
1625    0.104195
1626    0.076088
1627    0.071781
