1    0.000469
2    0.000469
3    0.000465
4    0.000453
5    0.000462
6    0.000463
7    0.000527
8    0.000515
9    0.000493
10    0.000478
11    0.000514
12    0.000489
13    0.000499
14    0.000504
15    0.000488
16    0.000570
17    0.000525
18    0.000541
19    0.000554
20    0.000555
21    0.000583
22    0.000561
23    0.000582
24    0.000572
25    0.000549
26    0.000566
27    0.000554
28    0.000556
29    0.000547
30    0.000561
31    0.000590
32    0.000686
33    0.000559
34    0.000550
35    0.000605
36    0.000587
37    0.000698
38    0.000611
39    0.000580
40    0.000647
41    0.000643
42    0.000722
43    0.000605
44    0.000690
45    0.000612
46    0.000651
47    0.000671
48    0.000661
49    0.000615
50    0.000620
51    0.000614
52    0.000600
53    0.000674
54    0.000623
55    0.000609
56    0.000635
57    0.000614
58    0.000627
59    0.000621
60    0.000646
61    0.000595
62    0.000798
63    0.000598
64    0.000604
65    0.000639
66    0.000621
67    0.000641
68    0.000618
69    0.000629
70    0.000710
71    0.000665
72    0.000649
73    0.000651
74    0.000703
75    0.000695
76    0.000699
77    0.000670
78    0.000676
79    0.000666
80    0.000720
81    0.000659
82    0.000646
83    0.000649
84    0.000678
85    0.000686
86    0.000643
87    0.000693
88    0.000765
89    0.000659
90    0.000658
91    0.000648
92    0.000650
93    0.000698
94    0.000658
95    0.000654
96    0.000659
97    0.000640
98    0.000734
99    0.000635
100    0.000663
101    0.000638
102    0.000661
103    0.000658
104    0.000640
105    0.000626
106    0.000719
107    0.000646
108    0.000704
109    0.000748
110    0.000819
111    0.000825
112    0.001021
113    0.000957
114    0.000848
115    0.000768
116    0.000842
117    0.000796
118    0.000770
119    0.000897
120    0.000766
121    0.000876
122    0.000840
123    0.001003
124    0.000788
125    0.000797
126    0.000807
127    0.001034
128    0.000900
129    0.000818
130    0.000820
131    0.000862
132    0.000827
133    0.000774
134    0.000848
135    0.000773
136    0.000758
137    0.000858
138    0.000861
139    0.000836
140    0.000774
141    0.000768
142    0.000861
143    0.000920
144    0.000904
145    0.000969
146    0.000772
147    0.000776
148    0.000732
149    0.000893
150    1.479710
151    0.050003
152    0.085929
153    0.067660
154    0.067079
155    0.062888
156    0.061852
157    0.063160
158    0.062858
159    0.064327
160    0.066377
161    0.100757
162    0.065907
163    0.062310
164    0.088608
165    0.072027
166    0.095459
167    0.067581
168    0.062806
169    0.062360
170    0.063186
171    0.061444
172    0.064110
173    0.090242
174    0.071682
175    0.090374
176    0.069446
177    0.062671
178    0.065872
179    0.062641
180    0.064967
181    0.066654
182    0.065189
183    0.064277
184    0.067853
185    0.065494
186    0.064559
187    0.064125
188    0.064870
189    0.064114
190    0.070313
191    0.067058
192    0.065881
193    0.065053
194    0.064852
195    0.065627
196    0.069436
197    0.065568
198    0.065220
199    0.066754
200    0.071887
201    0.054743
202    0.056305
203    0.056191
204    0.064909
205    0.065306
206    0.061185
207    0.062694
208    0.064333
209    0.059161
210    0.057801
211    0.056571
212    0.055573
213    0.054458
214    0.058094
215    0.054795
216    0.054558
217    0.056125
218    0.055538
219    0.057229
220    0.060816
221    0.056374
222    0.055571
223    0.055504
224    0.056549
225    0.055589
226    0.057873
227    0.057139
228    0.055320
229    0.055278
230    0.055143
231    0.057345
232    0.059855
233    0.054259
234    0.057847
235    0.100255
236    0.083408
237    0.094632
238    0.078794
239    0.073222
240    0.064029
241    0.098762
242    0.081060
243    0.076112
244    0.080825
245    0.110334
246    0.115306
247    0.089842
248    0.089164
249    0.087014
250    0.103189
251    0.066211
252    0.067208
253    0.066760
254    0.069289
255    0.058064
256    0.060660
257    0.060132
258    0.059327
259    0.061800
260    0.062666
261    0.061697
262    0.072726
263    0.072306
264    0.070749
265    0.071230
266    0.072243
267    0.072354
268    0.079900
269    0.074924
270    0.074266
271    0.074237
272    0.071860
273    0.073680
274    0.075654
275    0.070077
276    0.074263
277    0.073253
278    0.106744
279    0.120886
280    0.127207
281    0.087226
282    0.086688
283    0.084920
284    0.084599
285    0.086284
286    0.091096
287    0.087829
288    0.086927
289    0.076904
290    0.075563
291    0.073418
292    0.079811
293    0.078340
294    0.076621
295    0.075359
296    0.078538
297    0.078779
298    0.079907
299    0.076724
300    0.085229
301    0.058120
302    0.083754
303    0.072252
304    0.064653
305    0.070618
306    0.082087
307    0.113292
308    0.078909
309    0.073674
310    0.074290
311    0.075849
312    0.085343
313    0.118525
314    0.092036
315    0.086901
316    0.087953
317    0.088013
318    0.088472
319    0.087214
320    0.123033
321    0.087113
322    0.088680
323    0.080250
324    0.114469
325    0.087907
326    0.099988
327    0.087555
328    0.092428
329    0.087981
330    0.087903
331    0.086291
332    0.087525
333    0.085853
334    0.078243
335    0.112019
336    0.103320
337    0.090187
338    0.091059
339    0.092328
340    0.094691
341    0.121401
342    0.092954
343    0.088768
344    0.090971
345    0.089709
346    0.092057
347    0.092332
348    0.088854
349    0.090495
350    0.098149
351    0.057777
352    0.058019
353    0.056873
354    0.055487
355    0.061043
356    0.060042
357    0.063387
358    0.065062
359    0.066225
360    0.063697
361    0.108241
362    0.090794
363    0.117590
364    0.089056
365    0.084958
366    0.087561
367    0.085250
368    0.090048
369    0.115660
370    0.122842
371    0.088965
372    0.087482
373    0.088067
374    0.081579
375    0.072066
376    0.073628
377    0.070772
378    0.071302
379    0.071179
380    0.070414
381    0.070966
382    0.073202
383    0.074428
384    0.071492
385    0.071552
386    0.069187
387    0.070434
388    0.074749
389    0.071557
390    0.073442
391    0.072181
392    0.072459
393    0.071240
394    0.073950
395    0.071695
396    0.072314
397    0.074635
398    0.074071
399    0.072929
400    0.085616
401    0.056048
402    0.054648
403    0.058136
404    0.057552
405    0.055320
406    0.066022
407    0.062551
408    0.066710
409    0.107645
410    0.078324
411    0.076287
412    0.118278
413    0.110484
414    0.124654
415    0.090281
416    0.087369
417    0.086009
418    0.090881
419    0.126784
420    0.089943
421    0.086875
422    0.111371
423    0.101308
424    0.100296
425    0.087042
426    0.087951
427    0.085430
428    0.082019
429    0.080129
430    0.081060
431    0.083158
432    0.119020
433    0.089689
434    0.087835
435    0.089799
436    0.089100
437    0.087661
438    0.087225
439    0.085829
440    0.089605
441    0.081959
442    0.078580
443    0.076371
444    0.077069
445    0.075914
446    0.074733
447    0.075658
448    0.078929
449    0.075722
450    0.084838
451    0.058555
452    0.057621
453    0.058477
454    0.059304
455    0.063828
456    0.062080
457    0.067767
458    0.065774
459    0.069293
460    0.071405
461    0.075182
462    0.078392
463    0.089353
464    0.086095
465    0.084994
466    0.121741
467    0.090992
468    0.086681
469    0.087371
470    0.085617
471    0.087149
472    0.089975
473    0.089572
474    0.089858
475    0.085202
476    0.080283
477    0.077064
478    0.076187
479    0.071745
480    0.074858
481    0.069872
482    0.086920
483    0.086974
484    0.091585
485    0.108361
486    0.080868
487    0.072888
488    0.073977
489    0.073802
490    0.075096
491    0.071930
492    0.073014
493    0.072464
494    0.073172
495    0.071547
496    0.075790
497    0.073813
498    0.070624
499    0.117768
500    0.141770
501    0.095693
502    0.070531
503    0.064490
504    0.063731
505    0.063500
506    0.072177
507    0.069402
508    0.076357
509    0.076432
510    0.074924
511    0.074152
512    0.073518
513    0.122109
514    0.095064
515    0.085343
516    0.089652
517    0.087345
518    0.092907
519    0.088634
520    0.091986
521    0.085525
522    0.081310
523    0.117156
524    0.085705
525    0.076939
526    0.079327
527    0.077587
528    0.115259
529    0.093052
530    0.086920
531    0.086126
532    0.092484
533    0.087626
534    0.087273
535    0.087748
536    0.087833
537    0.128440
538    0.098620
539    0.086520
540    0.090256
541    0.089043
542    0.084651
543    0.085081
544    0.121128
545    0.089090
546    0.084728
547    0.083699
548    0.085396
549    0.084647
550    0.105267
551    0.068342
552    0.065319
553    0.064214
554    0.059558
555    0.055368
556    0.065190
557    0.058723
558    0.066706
559    0.067030
560    0.064693
561    0.066294
562    0.075909
563    0.072622
564    0.125880
565    0.089125
566    0.074924
567    0.069088
568    0.121441
569    0.091755
570    0.088319
571    0.085489
572    0.084950
573    0.083137
574    0.143230
575    0.120231
576    0.115244
577    0.087734
578    0.086917
579    0.085315
580    0.090864
581    0.087607
582    0.122442
583    0.088729
584    0.091410
585    0.090003
586    0.094454
587    0.090440
588    0.090306
589    0.090920
590    0.090352
591    0.076861
592    0.074398
593    0.079358
594    0.073058
595    0.073232
596    0.075620
597    0.074726
598    0.079693
599    0.076605
600    0.088270
601    0.059739
602    0.054758
603    0.054687
604    0.057670
605    0.056058
606    0.061341
607    0.059537
608    0.065475
609    0.065289
610    0.064606
611    0.063970
612    0.063576
613    0.071379
614    0.119565
615    0.088175
616    0.089872
617    0.083824
618    0.079814
619    0.072220
620    0.075125
621    0.076577
622    0.078723
623    0.076532
624    0.077521
625    0.073392
626    0.075490
627    0.074629
628    0.089359
629    0.075758
630    0.075028
631    0.077932
632    0.074183
633    0.074813
634    0.081909
635    0.076992
636    0.078238
637    0.080012
638    0.076371
639    0.078142
640    0.081794
641    0.080200
642    0.074599
643    0.072505
644    0.075479
645    0.071955
646    0.075928
647    0.078324
648    0.094392
649    0.086393
650    0.097125
651    0.066917
652    0.066553
653    0.063882
654    0.064422
655    0.073970
656    0.072265
657    0.073962
658    0.069492
659    0.065587
660    0.067768
661    0.075460
662    0.076242
663    0.077966
664    0.077871
665    0.076293
666    0.078649
667    0.078100
668    0.077630
669    0.074357
670    0.079526
671    0.076758
672    0.075248
673    0.075344
674    0.075577
675    0.075898
676    0.077210
677    0.074917
678    0.074954
679    0.071692
680    0.075774
681    0.120110
682    0.092967
683    0.088021
684    0.088971
685    0.089151
686    0.089773
687    0.091658
688    0.093201
689    0.101523
690    0.119934
691    0.090612
692    0.090162
693    0.090810
694    0.123869
695    0.122314
696    0.125909
697    0.088463
698    0.085581
699    0.122713
700    0.103242
701    0.073100
702    0.065924
703    0.065120
704    0.064528
705    0.065128
706    0.074980
707    0.070352
708    0.076089
709    0.071095
710    0.110349
711    0.081110
712    0.082749
713    0.089323
714    0.089938
715    0.109260
716    0.091140
717    0.109715
718    0.097891
719    0.109936
720    0.092774
721    0.089939
722    0.089208
723    0.087634
724    0.091480
725    0.088447
726    0.128687
727    0.099008
728    0.090284
729    0.087864
730    0.091372
731    0.090022
732    0.089605
733    0.090737
734    0.112803
735    0.097715
736    0.092736
737    0.090480
738    0.090973
739    0.091529
740    0.089711
741    0.088741
742    0.090506
743    0.096422
744    0.089979
745    0.088674
746    0.104768
747    0.089682
748    0.100987
749    0.096039
750    0.100260
751    0.067394
752    0.064667
753    0.070793
754    0.100312
755    0.074318
756    0.073208
757    0.070256
758    0.077556
759    0.076719
760    4.110278
761    0.091737
762    0.068264
763    0.072088
764    0.068871
765    0.077331
766    0.070217
767    0.066565
768    0.067628
769    0.065798
770    0.067818
771    0.063032
772    0.059876
773    0.056513
774    0.060999
775    0.058297
776    0.057037
777    0.057493
778    0.059815
779    0.057703
780    0.060227
781    0.056723
782    0.057522
783    0.058943
784    0.061876
785    0.059754
786    0.057166
787    0.058884
788    0.058931
789    0.056845
790    0.059070
791    0.056558
792    0.059500
793    0.058707
794    0.058315
795    0.059816
796    0.062979
797    0.057110
798    0.057921
799    0.059323
800    0.071117
801    0.058154
802    0.058963
803    0.057897
804    0.058540
805    0.056023
806    0.057160
807    0.056822
808    0.059481
809    0.061017
810    0.095731
811    0.077615
812    0.064817
813    0.072319
814    0.066779
815    0.097613
816    0.071353
817    0.066727
818    0.066525
819    0.066404
820    0.067413
821    0.064194
822    0.064292
823    0.074869
824    0.064263
825    0.064465
826    0.066232
827    0.065260
828    0.066018
829    0.065982
830    0.095482
831    0.071408
832    0.069128
833    0.064462
834    0.065138
835    0.064319
836    0.066370
837    0.066352
838    0.068989
839    0.068424
840    0.068046
841    0.069021
842    0.066111
843    0.066767
844    0.071653
845    0.065855
846    0.067207
847    0.067853
848    0.062491
849    0.059521
850    0.073442
851    0.057619
852    0.057620
853    0.072523
854    0.069336
855    0.058149
856    0.061265
857    0.057676
858    0.059614
859    0.056990
860    0.088068
861    0.072949
862    0.067548
863    0.070517
864    0.060759
865    0.055580
866    0.056567
867    0.088858
868    0.099273
869    0.072319
870    0.088009
871    0.068321
872    0.067185
873    0.097099
874    0.076748
875    0.067142
876    0.065150
877    0.065173
878    0.066952
879    0.064829
880    0.067610
881    0.066757
882    0.068778
883    0.067169
884    0.063550
885    0.062139
886    0.072598
887    0.058749
888    0.058576
889    0.058923
890    0.058306
891    0.063947
892    0.061635
893    0.059017
894    0.061462
895    0.062186
896    0.061194
897    0.062212
898    0.066899
899    0.063482
900    0.079228
901    0.070108
902    0.067209
903    0.066564
904    0.069274
905    0.068999
906    0.066470
907    0.068428
908    0.066724
909    0.066146
910    0.067862
911    0.065759
912    0.067986
913    0.069603
914    0.064639
915    0.065970
916    0.068464
917    0.062818
918    0.066979
919    0.065008
920    0.064197
921    0.062716
922    0.066388
923    0.063176
924    0.061872
925    0.063087
926    0.061755
927    0.064754
928    0.064732
929    0.067363
930    0.064169
931    0.065968
932    0.068275
933    0.063258
934    0.063884
935    0.063747
936    0.063142
937    0.060204
938    0.064539
939    0.061812
940    0.069443
941    0.061698
942    0.063736
943    0.059981
944    0.074359
945    0.063086
946    0.061138
947    0.059587
948    0.059644
949    0.059844
950    0.073830
951    0.059578
952    0.063274
953    0.061600
954    0.100494
955    0.105348
956    0.084488
957    0.076190
958    0.077221
959    0.077552
960    0.083194
961    0.100683
962    0.075837
963    0.073650
964    0.075389
965    0.073050
966    0.072618
967    0.072831
968    0.072551
969    0.072505
970    0.074646
971    0.072533
972    0.068060
973    0.064071
974    0.064369
975    0.061534
976    0.068910
977    0.065679
978    0.064542
979    0.064655
980    0.063472
981    0.066550
982    0.111324
983    0.074385
984    0.074968
985    0.074599
986    0.074121
987    0.076546
988    0.081160
989    0.076453
990    0.076201
991    0.072763
992    0.066628
993    0.105862
994    0.102659
995    0.103963
996    0.075910
997    0.070953
998    0.073407
999    0.071219
1000    0.092730
1001    0.070143
1002    0.070751
1003    0.071135
1004    0.069613
1005    0.071080
1006    0.069174
1007    0.060304
1008    0.060141
1009    0.060435
1010    0.061794
1011    0.061442
1012    0.065070
1013    0.061493
1014    0.061777
1015    0.062784
1016    0.060033
1017    0.059301
1018    0.062640
1019    0.061024
1020    0.059729
1021    0.058448
1022    0.058594
1023    0.060898
1024    0.063513
1025    0.061384
1026    0.059930
1027    0.059911
1028    0.059637
1029    0.058031
1030    0.060643
1031    0.059492
1032    0.061960
1033    0.057914
1034    0.058560
1035    0.061016
1036    0.062549
1037    0.058819
1038    0.057281
1039    0.056729
1040    0.060720
1041    0.060773
1042    0.110722
1043    0.076293
1044    0.071633
1045    0.072061
1046    0.072855
1047    0.066209
1048    0.066438
1049    0.060881
1050    0.074797
1051    0.058975
1052    0.061809
1053    0.059582
1054    0.061569
1055    0.059506
1056    0.060595
1057    0.070632
1058    0.069663
1059    0.069868
1060    0.073992
1061    0.073154
1062    0.072305
1063    0.065304
1064    0.062383
1065    0.062757
1066    0.063921
1067    0.060463
1068    0.062629
1069    0.063207
1070    0.062753
1071    0.063431
1072    0.063940
1073    0.062706
1074    0.102042
1075    0.079341
1076    0.101501
1077    0.079154
1078    0.073367
1079    0.070967
1080    0.082993
1081    0.071562
1082    0.069471
1083    0.070039
1084    0.074176
1085    0.071501
1086    0.071549
1087    0.072210
1088    0.068497
1089    0.060895
1090    0.062249
1091    0.060907
1092    0.058578
1093    0.058668
1094    0.058352
1095    0.058952
1096    0.061746
1097    0.057321
1098    0.057978
1099    0.061148
1100    0.072268
1101    0.057921
1102    0.058453
1103    0.100124
1104    0.081104
1105    0.070487
1106    0.072859
1107    0.071483
1108    0.074627
1109    0.073945
1110    0.073544
1111    0.073993
1112    0.075004
1113    0.075001
1114    0.069269
1115    0.060755
1116    0.061552
1117    0.057822
1118    0.059317
1119    0.058035
1120    0.059328
1121    0.062427
1122    0.060599
1123    0.057689
1124    0.059704
1125    0.058825
1126    0.061132
1127    0.057902
1128    0.058263
1129    0.056924
1130    0.059744
1131    0.059835
1132    0.060891
1133    0.057128
1134    0.058473
1135    0.058036
1136    0.058289
1137    0.058046
1138    0.061369
1139    0.105022
1140    0.103192
1141    0.075585
1142    0.075797
1143    0.074551
1144    0.077579
1145    0.076305
1146    0.075975
1147    0.073905
1148    0.073344
1149    0.074930
1150    0.089363
1151    0.064354
1152    0.106274
1153    0.078337
1154    0.074279
1155    0.073324
1156    0.076283
1157    0.073436
1158    0.071731
1159    0.074635
1160    0.073062
1161    0.073642
1162    0.080707
1163    0.101720
1164    0.078508
1165    0.071673
1166    0.072311
1167    0.075121
1168    0.077998
1169    0.074581
1170    0.073575
1171    0.074520
1172    0.075091
1173    0.101462
1174    0.083831
1175    0.076740
1176    0.081096
1177    0.079070
1178    0.073731
1179    0.073418
1180    0.078201
1181    0.071326
1182    0.062959
1183    0.060836
1184    0.060191
1185    0.060774
1186    0.064510
1187    0.060305
1188    0.061163
1189    0.060760
1190    0.061566
1191    0.060622
1192    0.064342
1193    0.065027
1194    0.063091
1195    0.062778
1196    0.063210
1197    0.061039
1198    0.103425
1199    0.110440
1200    0.102237
1201    0.072757
1202    0.072185
1203    0.071239
1204    0.074938
1205    0.071777
1206    0.073545
1207    0.073861
1208    0.073139
1209    0.073895
1210    0.073075
1211    0.063184
1212    0.058951
1213    0.060091
1214    0.061357
1215    0.060126
1216    0.062513
1217    0.061240
1218    0.060584
1219    0.062024
1220    0.062555
1221    0.061375
1222    0.065302
1223    0.060829
1224    0.060315
1225    0.059815
1226    0.060706
1227    0.061412
1228    0.062141
1229    0.061300
1230    0.061603
1231    0.063603
1232    0.062357
1233    0.065680
1234    0.068102
1235    0.062696
1236    0.062775
1237    0.063078
1238    0.065540
1239    0.065072
1240    0.065901
1241    0.063608
1242    0.062194
1243    0.064799
1244    0.063102
1245    0.063433
1246    0.066677
1247    0.062923
1248    0.064741
1249    0.061899
1250    0.075445
1251    0.060179
1252    0.062004
1253    0.059303
1254    0.062933
1255    0.065761
1256    0.062883
1257    0.062749
1258    0.066725
1259    0.062642
1260    0.063520
1261    0.066536
1262    0.064161
1263    0.064101
1264    0.066884
1265    0.064174
1266    0.063992
1267    0.064671
1268    0.062476
1269    0.062361
1270    0.068362
1271    0.062801
1272    0.062591
1273    0.059991
1274    0.060550
1275    0.060542
1276    0.063331
1277    0.062299
1278    0.060118
1279    0.063043
1280    0.061202
1281    0.062331
1282    0.064457
1283    0.059690
1284    0.061800
1285    0.059408
1286    0.063523
1287    0.063667
1288    0.103012
1289    0.078811
1290    0.107754
1291    0.105467
1292    0.076371
1293    0.071490
1294    0.076277
1295    0.072299
1296    0.074339
1297    0.073910
1298    0.074502
1299    0.073436
1300    0.090513
1301    0.069518
1302    0.064085
1303    0.059461
1304    0.060131
1305    0.059865
1306    0.061896
1307    0.061338
1308    0.081109
1309    0.072108
1310    0.070734
1311    0.064521
1312    0.063670
1313    0.067178
1314    0.063974
1315    0.063378
1316    0.065660
1317    0.063154
1318    0.063421
1319    0.064343
1320    0.064901
1321    0.064268
1322    0.065687
1323    0.064300
1324    0.066441
1325    0.063117
1326    0.067603
1327    0.064524
1328    0.065445
1329    0.068935
1330    0.066567
1331    0.064102
1332    0.071334
1333    0.067306
1334    0.063090
1335    0.064191
1336    0.064833
1337    0.065360
1338    0.072373
1339    0.073771
1340    0.069455
1341    0.068890
1342    0.072858
1343    0.097038
1344    0.118187
1345    0.095338
1346    0.093306
1347    0.094384
1348    0.096748
1349    0.091134
1350    0.107594
1351    0.075903
1352    0.072040
1353    0.065493
1354    0.065628
1355    0.065289
1356    0.106174
1357    0.082853
1358    0.082933
1359    0.083475
1360    0.086070
1361    0.083941
1362    0.085291
1363    0.091476
1364    0.090783
1365    0.082957
1366    0.113556
1367    0.091322
1368    0.090016
1369    0.092282
1370    4.322564
1371    0.063426
1372    0.067623
1373    0.103950
1374    0.079075
1375    0.077076
1376    0.076336
1377    0.076647
1378    0.078321
1379    0.077516
1380    0.075744
1381    0.074448
1382    0.075851
1383    0.078695
1384    0.110467
1385    0.080351
1386    0.074221
1387    0.073454
1388    0.073960
1389    0.106474
1390    0.080247
1391    0.073588
1392    0.073723
1393    0.072889
1394    0.073125
1395    0.071444
1396    0.075589
1397    0.072629
1398    0.071959
1399    0.071527
1400    0.075450
1401    0.057476
1402    0.059743
1403    0.059520
1404    0.060086
1405    0.059277
1406    0.060876
1407    0.061387
1408    0.061114
1409    0.060054
1410    0.062269
1411    0.060465
1412    0.058224
1413    0.059558
1414    0.101250
1415    0.074432
1416    0.099912
1417    0.076521
1418    0.072420
1419    0.073028
1420    0.101650
1421    0.073724
1422    0.064063
1423    0.063693
1424    0.060293
1425    0.061428
1426    0.061476
1427    0.065607
1428    0.062869
1429    0.062698
1430    0.065324
1431    0.062141
1432    0.064228
1433    0.063229
1434    0.064779
1435    0.064341
1436    0.068638
1437    0.064936
1438    0.065693
1439    0.063478
1440    0.063562
1441    0.063837
1442    0.063650
1443    0.063090
1444    0.065744
1445    0.062676
1446    0.063040
1447    0.062566
1448    0.061471
1449    0.063851
1450    0.081573
1451    0.065989
1452    0.075997
1453    0.073313
1454    0.073489
1455    0.074503
1456    0.089469
1457    0.110403
1458    0.111772
1459    0.086278
1460    0.076653
1461    0.119402
1462    0.122473
1463    0.120647
1464    0.110603
1465    0.079885
1466    0.071295
1467    0.071351
1468    0.102193
1469    0.071826
1470    0.077951
1471    0.105410
1472    0.107706
1473    0.079191
1474    0.092126
1475    0.092534
1476    0.076189
1477    0.074719
1478    0.077527
1479    0.075801
1480    0.077545
1481    0.075865
1482    0.075267
1483    0.075607
1484    0.074436
1485    0.081667
1486    0.077650
1487    0.103475
1488    0.107455
1489    0.081893
1490    0.080324
1491    0.102477
1492    0.081735
1493    0.078223
1494    0.101747
1495    0.079848
1496    0.073791
1497    0.072803
1498    0.079249
1499    0.104126
1500    0.091098
1501    0.069137
1502    0.068956
1503    0.068926
1504    0.071284
1505    0.101682
1506    0.075324
1507    0.098782
1508    0.073672
1509    0.071353
1510    0.106502
1511    0.101403
1512    0.075481
1513    0.072709
1514    0.073111
1515    0.070345
1516    0.073395
1517    0.072295
1518    0.071064
1519    0.071956
1520    0.073552
1521    0.105503
1522    0.111861
1523    0.107696
1524    0.078667
1525    0.071620
1526    0.073287
1527    0.106499
1528    0.081593
1529    0.073799
1530    0.074019
1531    0.073097
1532    0.074747
1533    0.074547
1534    0.077737
1535    0.074111
1536    0.072469
1537    0.071171
1538    0.066900
1539    0.064301
1540    0.061722
1541    0.060589
1542    0.098627
1543    0.079328
1544    0.070084
1545    0.073386
1546    0.078501
1547    0.073989
1548    0.071491
1549    0.073141
1550    0.088539
1551    0.070904
1552    0.068904
1553    0.058595
1554    0.058798
1555    0.056569
1556    0.057841
1557    0.059119
1558    0.062011
1559    0.058025
1560    0.058182
1561    0.056512
1562    0.057421
1563    0.058066
1564    0.116014
1565    0.078448
1566    0.071349
1567    0.070785
1568    0.071595
1569    0.072579
1570    0.075349
1571    0.070515
1572    0.071521
1573    0.071489
1574    0.072462
1575    0.070260
1576    0.070243
1577    0.102883
1578    0.073650
1579    0.069824
1580    0.071963
1581    0.070872
1582    0.078658
1583    0.103027
1584    0.077261
1585    0.071372
1586    0.072046
1587    0.071201
1588    0.075788
1589    0.072234
1590    0.073618
1591    0.072821
1592    0.073313
1593    0.067424
1594    0.062668
1595    0.059686
1596    0.060624
1597    0.059644
1598    0.059416
1599    0.060759
1600    0.074943
1601    0.057830
1602    0.057213
1603    0.056619
1604    0.057755
1605    0.057221
1606    0.064906
1607    0.060782
1608    0.062049
1609    0.060934
1610    0.062210
1611    0.063289
1612    0.063971
1613    0.064297
1614    0.063541
1615    0.091475
1616    0.074310
1617    0.074097
1618    0.106420
1619    0.109839
1620    0.085778
1621    0.076825
1622    0.072336
1623    0.074010
1624    0.077643
1625    0.072451
1626    0.069648
1627    0.065986
1628    0.059618
1629    0.056911
1630    0.062721
1631    0.059100
1632    0.057936
1633    0.058017
1634    0.056769
1635    0.061291
1636    0.066787
1637    0.062563
1638    0.102362
1639    0.073005
1640    0.103612
1641    0.074285
1642    0.111332
1643    0.077441
1644    0.074965
1645    0.075759
1646    0.073156
1647    0.073119
1648    0.114493
1649    0.075949
1650    0.094072
1651    0.074159
1652    0.077994
1653    0.076246
1654    0.079701
1655    0.078592
1656    0.074996
1657    0.072857
1658    0.063470
1659    0.058717
1660    0.110267
1661    0.072613
1662    0.072124
1663    0.102289
1664    0.080104
1665    0.072890
1666    0.074810
1667    0.073422
1668    0.072545
1669    0.071208
1670    0.070990
1671    0.072398
1672    0.075742
1673    0.075526
1674    0.094026
1675    0.073386
1676    0.089213
1677    0.076706
1678    0.078926
1679    0.104328
1680    0.077537
1681    0.073881
1682    0.075207
1683    0.075430
1684    0.077315
1685    0.074822
1686    0.074057
1687    0.074243
1688    0.106083
1689    0.109013
1690    0.093422
1691    0.076669
1692    0.076349
1693    0.074864
1694    0.075695
1695    0.075714
1696    0.079193
1697    0.075063
1698    0.077530
1699    0.075141
1700    0.092008
1701    0.068268
1702    0.067376
1703    0.065409
1704    0.106185
1705    0.103132
1706    0.079689
1707    0.110755
1708    0.084645
1709    0.079096
1710    0.080470
1711    0.078564
1712    0.078444
1713    0.078505
1714    0.080198
1715    0.079098
1716    0.078714
1717    0.075480
1718    0.067668
1719    0.068182
1720    0.069005
1721    0.066589
1722    0.064625
1723    0.066592
1724    0.068916
1725    0.067891
1726    0.069095
1727    0.068260
1728    0.064089
