1    0.000512
2    0.000512
3    0.000444
4    0.000437
5    0.000440
6    0.000459
7    0.000458
8    0.000448
9    0.000434
10    0.000457
11    0.000475
12    0.000462
13    0.000459
14    0.000495
15    0.000487
16    0.000598
17    0.000527
18    0.000478
19    0.000468
20    0.000523
21    0.000483
22    0.000474
23    0.000497
24    0.000465
25    0.000518
26    0.000481
27    0.000479
28    0.000506
29    0.000478
30    0.000470
31    0.000470
32    0.000768
33    0.000785
34    0.000781
35    0.000734
36    0.000723
37    0.000752
38    0.000729
39    0.000810
40    0.000716
41    0.000726
42    0.000818
43    0.000735
44    0.000726
45    0.000736
46    0.000765
47    0.000761
48    0.000740
49    0.000770
50    0.000764
51    0.000731
52    0.000742
53    0.000740
54    0.000737
55    0.000690
56    0.000691
57    0.000703
58    0.000698
59    0.000684
60    0.000650
61    0.000650
62    0.000645
63    0.000655
64    0.000643
65    0.000647
66    0.000627
67    0.000675
68    0.000638
69    0.000614
70    0.000631
71    0.000653
72    0.000799
73    0.000597
74    0.000634
75    0.000639
76    0.000564
77    0.000610
78    0.000568
79    0.000648
80    0.000627
81    0.000613
82    0.000589
83    0.000551
84    0.000541
85    0.000533
86    0.000548
87    0.000550
88    0.000539
89    0.000540
90    0.000757
91    0.000884
92    0.000801
93    0.000794
94    0.000890
95    0.000668
96    0.000685
97    0.000677
98    0.000677
99    0.000743
100    0.000776
101    0.000666
102    0.000645
103    0.000653
104    0.000637
105    0.000731
106    0.000691
107    0.000642
108    0.000733
109    0.000870
110    0.000664
111    0.000719
112    0.000700
113    0.000785
114    0.000688
115    0.000899
116    0.000694
117    0.000714
118    0.000658
119    0.000674
120    0.000670
121    0.000656
122    0.000919
123    0.000682
124    0.000649
125    0.000651
126    0.000695
127    0.000651
128    0.000660
129    0.000637
130    0.000659
131    0.000652
132    0.000725
133    0.000639
134    0.000642
135    0.000766
136    0.000703
137    0.000692
138    0.000626
139    0.000620
140    0.000627
141    0.000704
142    0.000618
143    0.000644
144    0.000655
145    0.000619
146    0.000619
147    0.000692
148    0.000658
149    0.000627
150    1.275065
151    0.025353
152    0.050451
153    0.049090
154    0.050011
155    0.047939
156    0.048038
157    0.048179
158    0.050440
159    0.049824
160    0.051756
161    0.082173
162    0.088861
163    0.068458
164    0.062439
165    0.060775
166    0.063840
167    0.060257
168    0.061909
169    0.062483
170    0.062426
171    0.060719
172    0.064372
173    0.059589
174    0.095861
175    0.070503
176    0.060765
177    0.065186
178    0.093691
179    0.066400
180    0.061930
181    0.062552
182    0.061296
183    0.060142
184    0.061585
185    0.060172
186    0.061342
187    0.082061
188    0.065688
189    0.060816
190    0.063781
191    0.060693
192    0.060203
193    0.087326
194    0.093690
195    0.090553
196    0.068698
197    0.059856
198    0.060047
199    0.061148
200    0.074021
201    0.060040
202    0.095329
203    0.063601
204    0.063927
205    0.062983
206    0.061843
207    0.062307
208    0.061927
209    0.053212
210    0.053227
211    0.053100
212    0.052103
213    0.052023
214    0.054091
215    0.051404
216    0.051483
217    0.050925
218    0.051177
219    0.053674
220    0.057542
221    0.051923
222    0.050472
223    0.051722
224    0.052144
225    0.050209
226    0.053742
227    0.050571
228    0.052554
229    0.054434
230    0.049545
231    0.049968
232    0.055510
233    0.054284
234    0.052515
235    0.052773
236    0.055580
237    0.086579
238    0.067200
239    0.063864
240    0.071625
241    0.068603
242    0.072251
243    0.073999
244    0.077837
245    0.078003
246    0.077916
247    0.076228
248    0.071886
249    0.070779
250    0.085541
251    0.056852
252    0.054173
253    0.054753
254    0.053780
255    0.061371
256    0.058218
257    0.060849
258    0.058025
259    0.058403
260    0.063740
261    0.063304
262    0.071496
263    0.071651
264    0.073057
265    0.069943
266    0.072365
267    0.075182
268    0.076797
269    0.073573
270    0.071476
271    0.073383
272    0.074615
273    0.121906
274    0.131538
275    0.135672
276    0.093417
277    0.086299
278    0.087271
279    0.085725
280    0.088692
281    0.080957
282    0.084020
283    0.085535
284    0.086360
285    0.085348
286    0.084079
287    0.072504
288    0.069906
289    0.072530
290    0.071209
291    0.070160
292    0.072936
293    0.067911
294    0.130257
295    0.095212
296    0.086353
297    0.088035
298    0.087222
299    0.084547
300    0.136742
301    0.071102
302    0.064195
303    0.106125
304    0.079659
305    0.072069
306    0.067441
307    0.071456
308    0.074385
309    0.073386
310    0.108184
311    0.091807
312    0.086442
313    0.091040
314    0.088982
315    0.089194
316    0.090259
317    0.085219
318    0.088582
319    0.074171
320    0.081056
321    0.073577
322    0.074399
323    0.071786
324    0.069733
325    0.072691
326    0.073588
327    0.119233
328    0.089747
329    0.084226
330    0.083000
331    0.083812
332    0.086263
333    0.112518
334    0.089270
335    0.086319
336    0.084648
337    0.089345
338    0.086128
339    0.088019
340    0.090022
341    0.080815
342    0.071436
343    0.072997
344    0.085863
345    0.072977
346    0.078685
347    0.071002
348    0.073294
349    0.070045
350    0.122698
351    0.072036
352    0.068725
353    0.065262
354    0.073959
355    0.071848
356    0.076773
357    0.104933
358    0.079296
359    0.079606
360    0.076905
361    0.078316
362    0.089828
363    0.114149
364    0.088681
365    0.087150
366    0.086163
367    0.085779
368    0.086067
369    0.085906
370    0.088059
371    0.086272
372    0.086802
373    0.075597
374    0.075825
375    0.076511
376    0.077172
377    0.110304
378    0.090891
379    0.088513
380    0.089187
381    0.086551
382    0.091685
383    0.086564
384    0.089635
385    0.109482
386    0.076020
387    0.072981
388    0.124245
389    0.094327
390    0.111263
391    0.116897
392    0.097323
393    0.087767
394    0.092314
395    0.088524
396    0.121951
397    0.120862
398    0.089061
399    0.086350
400    0.101581
401    0.068761
402    0.065550
403    0.067214
404    0.066051
405    0.075671
406    0.073641
407    0.068748
408    0.063984
409    0.064090
410    0.064163
411    0.071230
412    0.074073
413    0.072262
414    0.071161
415    0.072609
416    0.071533
417    0.071512
418    0.073401
419    0.102130
420    0.084478
421    0.074012
422    0.073648
423    0.070497
424    0.072093
425    0.072109
426    0.071354
427    0.071919
428    0.072117
429    0.085285
430    0.088730
431    0.105640
432    0.085564
433    0.121302
434    0.090626
435    0.083554
436    0.115752
437    0.092268
438    0.087693
439    0.086570
440    0.086943
441    0.091585
442    0.093793
443    0.088843
444    0.088894
445    0.082902
446    0.074662
447    0.076895
448    0.078251
449    0.075627
450    0.088488
451    0.096379
452    0.097014
453    0.077599
454    0.071207
455    0.075558
456    0.070984
457    0.077298
458    0.075882
459    0.081293
460    0.080908
461    0.079333
462    0.082451
463    0.080107
464    0.112479
465    0.086158
466    0.084380
467    0.083822
468    0.086559
469    0.101619
470    0.116430
471    0.090925
472    0.092667
473    0.093748
474    0.124055
475    0.093823
476    0.090842
477    0.088976
478    0.093754
479    0.088895
480    0.090954
481    0.090975
482    0.089079
483    0.089993
484    0.082897
485    0.073665
486    0.078717
487    0.078262
488    0.111529
489    0.091239
490    0.092889
491    0.115589
492    0.129069
493    0.094578
494    0.091890
495    0.091577
496    0.093904
497    0.090794
498    0.089169
499    0.091685
500    0.100944
501    0.069884
502    0.068703
503    0.060048
504    0.057024
505    0.062183
506    0.060905
507    0.065271
508    0.068180
509    0.067411
510    0.070640
511    0.077813
512    0.074998
513    0.076981
514    0.078111
515    0.073611
516    0.076679
517    0.074780
518    0.078469
519    0.083335
520    0.077328
521    0.075385
522    0.071025
523    0.072519
524    0.075435
525    0.073703
526    0.079097
527    0.134303
528    0.091799
529    0.088424
530    0.117836
531    0.084500
532    0.078253
533    0.082507
534    0.128686
535    0.093235
536    0.089981
537    0.115051
538    0.094825
539    0.088887
540    0.094050
541    0.091928
542    0.088872
543    0.091914
544    0.120288
545    0.090675
546    0.092320
547    0.088131
548    0.091245
549    0.092272
550    0.106715
551    0.069591
552    0.065727
553    0.060136
554    0.060459
555    0.060506
556    0.101394
557    0.079415
558    0.077287
559    0.078595
560    0.078515
561    0.078992
562    0.083702
563    0.090234
564    0.091754
565    0.094126
566    0.125440
567    0.093388
568    0.122102
569    0.094158
570    0.092042
571    0.096098
572    0.090766
573    0.094664
574    0.095164
575    0.094631
576    0.092693
577    0.092278
578    0.087511
579    0.076701
580    0.078431
581    0.076111
582    0.074953
583    0.074500
584    0.072440
585    0.076912
586    0.080341
587    0.078036
588    0.080247
589    0.080897
590    0.077572
591    0.074378
592    0.080415
593    0.076148
594    0.080025
595    0.121925
596    0.090853
597    0.090655
598    0.100297
599    0.083710
600    0.082006
601    0.055479
602    0.053392
603    0.054553
604    0.056806
605    0.060590
606    0.064673
607    0.066225
608    0.069712
609    0.072000
610    0.071807
611    0.077852
612    0.077101
613    0.077229
614    0.077953
615    0.071883
616    0.079764
617    0.080453
618    0.076872
619    0.077847
620    0.075281
621    0.076811
622    0.079590
623    0.075926
624    0.075734
625    0.076639
626    0.077802
627    0.078886
628    0.079114
629    0.076283
630    0.079439
631    0.075887
632    0.073161
633    0.076085
634    0.075187
635    0.073669
636    0.123002
637    0.090538
638    0.122668
639    0.084427
640    0.077044
641    0.072242
642    0.075522
643    0.072315
644    0.071891
645    0.118221
646    0.092277
647    0.087995
648    0.087663
649    0.089166
650    0.101102
651    0.071258
652    0.068847
653    0.066587
654    0.063881
655    0.058898
656    0.109720
657    0.079560
658    0.080821
659    0.079232
660    0.078311
661    0.081972
662    0.083627
663    0.088086
664    0.091069
665    0.087447
666    0.120719
667    0.089026
668    0.094062
669    0.112204
670    0.092965
671    0.093406
672    0.087716
673    0.087100
674    0.125393
675    0.088424
676    0.091037
677    0.088993
678    0.088759
679    0.089773
680    0.088941
681    0.090799
682    0.093271
683    0.090656
684    0.087451
685    0.080348
686    0.077028
687    0.075880
688    0.077339
689    0.076628
690    0.075268
691    0.079414
692    0.076967
693    0.078647
694    0.080599
695    0.077002
696    0.077453
697    0.076378
698    0.079127
699    0.078522
700    0.089020
701    0.058735
702    0.058780
703    0.055960
704    0.061226
705    0.071642
706    0.063728
707    0.069177
708    0.071123
709    0.069382
710    0.070061
711    0.078993
712    0.078889
713    0.078185
714    0.078957
715    0.078919
716    0.078255
717    0.077276
718    0.081227
719    0.076416
720    0.075682
721    0.076211
722    0.074727
723    0.104628
724    0.091289
725    0.123662
726    0.091125
727    0.083569
728    0.085705
729    0.090455
730    0.091866
731    0.089891
732    0.089503
733    0.086708
734    0.088925
735    0.078588
736    0.077897
737    0.075758
738    0.074457
739    0.123643
740    0.118577
741    0.093296
742    0.093743
743    0.090468
744    0.123561
745    0.091490
746    0.087807
747    0.124475
748    0.095769
749    0.129130
750    0.108135
751    0.076748
752    0.073479
753    0.071224
754    0.074110
755    0.072914
756    0.081996
757    0.076327
758    0.081375
759    0.076847
760    4.184503
761    0.105018
762    0.073857
763    0.069521
764    0.069440
765    0.070266
766    0.072939
767    0.073389
768    0.072141
769    0.070351
770    0.072744
771    0.071351
772    0.067316
773    0.062534
774    0.063170
775    0.064050
776    0.061580
777    0.061945
778    0.062800
779    0.062061
780    0.061115
781    0.060934
782    0.061818
783    0.062765
784    0.062610
785    0.059127
786    0.060830
787    0.060172
788    0.058370
789    0.057648
790    0.061015
791    0.057623
792    0.062001
793    0.061431
794    0.060403
795    0.060252
796    0.063766
797    0.060766
798    0.059265
799    0.060427
800    0.109917
801    0.084953
802    0.076774
803    0.072033
804    0.102906
805    0.077411
806    0.071756
807    0.073754
808    0.103709
809    0.074346
810    0.072683
811    0.069792
812    0.070845
813    0.072216
814    0.073167
815    0.070669
816    0.070677
817    0.069872
818    0.070309
819    0.063317
820    0.063241
821    0.061920
822    0.061576
823    0.060114
824    0.061614
825    0.063093
826    0.099957
827    0.073041
828    0.070429
829    0.069381
830    0.070442
831    0.068234
832    0.099518
833    0.073713
834    0.071103
835    0.072472
836    0.072714
837    0.071132
838    0.074770
839    0.072044
840    0.072458
841    0.070679
842    0.073278
843    0.096370
844    0.075727
845    0.071283
846    0.072043
847    0.071128
848    0.070474
849    0.070576
850    0.087184
851    0.071010
852    0.071261
853    0.065748
854    0.060218
855    0.063840
856    0.064548
857    0.061274
858    0.061271
859    0.060711
860    0.062160
861    0.062142
862    0.060656
863    0.059274
864    0.057603
865    0.061454
866    0.059259
867    0.058526
868    0.059315
869    0.057519
870    0.060005
871    0.058132
872    0.061349
873    0.063484
874    0.065671
875    0.099522
876    0.089500
877    0.074211
878    0.075280
879    0.107468
880    0.081746
881    0.077721
882    0.106751
883    0.076341
884    0.072530
885    0.072768
886    0.076464
887    0.103993
888    0.103064
889    0.091749
890    0.098966
891    0.080327
892    0.074276
893    0.070636
894    0.071651
895    0.071033
896    0.071336
897    0.070170
898    0.073116
899    0.067967
900    0.084975
901    0.071219
902    0.070493
903    0.071699
904    0.069886
905    0.063472
906    0.061783
907    0.064202
908    0.062909
909    0.062633
910    0.064696
911    0.063748
912    0.101670
913    0.101792
914    0.076346
915    0.068837
916    0.070658
917    0.066704
918    0.066778
919    0.070101
920    0.100240
921    0.071744
922    0.103635
923    0.073451
924    0.062316
925    0.062081
926    0.103039
927    0.102872
928    0.084268
929    0.072716
930    0.075820
931    0.072009
932    0.071686
933    0.074860
934    0.099244
935    0.072444
936    0.071229
937    0.069747
938    0.070198
939    0.071373
940    0.101431
941    0.074852
942    0.072928
943    0.104829
944    0.073729
945    0.072811
946    0.079438
947    0.071628
948    0.073521
949    0.070549
950    0.085604
951    0.072966
952    0.074652
953    0.070641
954    0.091303
955    0.074019
956    0.071995
957    0.095425
958    0.079863
959    0.070807
960    0.102900
961    0.074335
962    0.072360
963    0.071379
964    0.074970
965    0.105023
966    0.077862
967    0.074802
968    0.073454
969    0.073234
970    0.076227
971    0.072654
972    0.076715
973    0.071334
974    0.073640
975    0.070785
976    0.074672
977    0.068907
978    0.077908
979    0.073428
980    0.061417
981    0.062680
982    0.063367
983    0.062119
984    0.061459
985    0.061122
986    0.059766
987    0.062957
988    0.064206
989    0.061647
990    0.063076
991    0.099370
992    0.076546
993    0.103894
994    0.078139
995    0.064400
996    0.063025
997    0.062284
998    0.061877
999    0.062249
1000    0.078969
1001    0.061494
1002    0.060852
1003    0.059203
1004    0.059157
1005    0.059074
1006    0.063026
1007    0.095540
1008    0.073800
1009    0.073638
1010    0.072594
1011    0.070629
1012    0.074811
1013    0.073109
1014    0.072148
1015    0.073881
1016    0.074026
1017    0.075678
1018    0.076505
1019    0.072849
1020    0.075065
1021    0.071485
1022    0.073691
1023    0.067942
1024    0.065466
1025    0.061045
1026    0.062367
1027    0.063346
1028    0.059893
1029    0.061939
1030    0.062769
1031    0.059606
1032    0.059136
1033    0.058933
1034    0.058202
1035    0.058147
1036    0.061501
1037    0.057575
1038    0.059225
1039    0.066759
1040    0.061932
1041    0.059180
1042    0.066490
1043    0.062368
1044    0.058651
1045    0.058404
1046    0.059870
1047    0.059859
1048    0.063633
1049    0.061535
1050    0.074752
1051    0.056791
1052    0.058028
1053    0.101929
1054    0.098742
1055    0.073957
1056    0.069403
1057    0.069339
1058    0.071363
1059    0.083155
1060    0.061942
1061    0.057132
1062    0.058333
1063    0.059827
1064    0.058027
1065    0.058111
1066    0.061471
1067    0.058664
1068    0.060578
1069    0.060007
1070    0.058326
1071    0.061647
1072    0.063390
1073    0.059541
1074    0.058645
1075    0.059471
1076    0.059301
1077    0.058696
1078    0.061171
1079    0.062064
1080    0.059669
1081    0.060642
1082    0.060348
1083    0.057950
1084    0.061747
1085    0.063245
1086    0.061894
1087    0.061879
1088    0.062678
1089    0.061724
1090    0.063215
1091    0.058882
1092    0.062850
1093    0.061066
1094    0.062408
1095    0.061979
1096    0.065783
1097    0.101139
1098    0.077585
1099    0.101509
1100    0.098167
1101    0.121964
1102    0.091563
1103    0.073339
1104    0.074312
1105    0.071885
1106    0.093781
1107    0.073455
1108    0.075798
1109    0.075177
1110    0.076147
1111    0.088507
1112    0.073870
1113    0.073436
1114    0.079670
1115    0.072428
1116    0.100915
1117    0.078646
1118    0.070721
1119    0.070182
1120    0.074678
1121    0.072536
1122    0.072984
1123    0.073844
1124    0.073278
1125    0.073271
1126    0.076390
1127    0.071041
1128    0.063807
1129    0.061412
1130    0.060956
1131    0.063713
1132    0.064834
1133    0.061497
1134    0.068143
1135    0.062086
1136    0.062873
1137    0.063700
1138    0.065825
1139    0.060625
1140    0.063590
1141    0.067228
1142    0.066224
1143    0.065042
1144    0.070536
1145    0.062232
1146    0.064446
1147    0.065174
1148    0.063503
1149    0.064803
1150    0.087131
1151    0.062823
1152    0.061234
1153    0.102592
1154    0.079928
1155    0.074306
1156    0.101742
1157    0.075397
1158    0.071164
1159    0.071246
1160    0.074106
1161    0.073159
1162    0.075959
1163    0.073352
1164    0.073805
1165    0.072176
1166    0.074221
1167    0.073289
1168    0.076313
1169    0.072651
1170    0.070273
1171    0.066093
1172    0.061968
1173    0.062611
1174    0.065444
1175    0.063310
1176    0.063411
1177    0.063146
1178    0.104072
1179    0.075557
1180    0.077224
1181    0.077053
1182    0.074803
1183    0.075911
1184    0.072204
1185    0.070305
1186    0.075733
1187    0.071642
1188    0.071945
1189    0.072113
1190    0.073860
1191    0.073513
1192    0.078365
1193    0.067331
1194    0.074288
1195    0.107568
1196    0.079820
1197    0.077593
1198    0.100750
1199    0.076533
1200    0.089718
1201    0.070523
1202    0.073200
1203    0.072531
1204    0.074143
1205    0.070881
1206    0.070115
1207    0.071337
1208    0.070049
1209    0.061162
1210    0.062904
1211    0.062142
1212    0.060274
1213    0.058235
1214    0.059867
1215    0.060731
1216    0.077581
1217    0.075542
1218    0.075088
1219    0.076472
1220    0.075649
1221    0.067935
1222    0.068622
1223    0.065586
1224    0.108652
1225    0.078558
1226    0.075917
1227    0.099937
1228    0.081880
1229    0.074862
1230    0.076872
1231    0.078598
1232    0.074895
1233    0.073367
1234    0.077753
1235    0.094613
1236    0.087101
1237    0.102860
1238    0.078723
1239    0.072967
1240    0.076535
1241    0.075023
1242    0.072319
1243    0.073417
1244    0.071879
1245    0.073878
1246    0.076691
1247    0.074281
1248    0.065468
1249    0.058979
1250    0.074241
1251    0.061954
1252    0.061577
1253    0.060615
1254    0.061630
1255    0.060696
1256    0.060534
1257    0.058771
1258    0.100949
1259    0.075625
1260    0.070062
1261    0.070053
1262    0.069987
1263    0.069761
1264    0.107344
1265    0.097920
1266    0.097707
1267    0.073857
1268    0.071263
1269    0.072002
1270    0.075483
1271    0.070145
1272    0.070150
1273    0.097453
1274    0.075345
1275    0.072766
1276    0.077445
1277    0.071879
1278    0.071990
1279    0.074307
1280    0.073688
1281    0.101458
1282    0.082689
1283    0.071595
1284    0.070905
1285    0.070552
1286    0.070851
1287    0.072471
1288    0.077322
1289    0.073290
1290    0.074348
1291    0.073900
1292    0.068797
1293    0.067666
1294    0.071915
1295    0.065794
1296    0.064432
1297    0.064343
1298    0.067119
1299    0.066011
1300    0.083220
1301    0.066325
1302    0.063207
1303    0.062691
1304    0.063777
1305    0.063424
1306    0.065535
1307    0.065608
1308    0.065602
1309    0.065526
1310    0.069254
1311    0.068401
1312    0.071848
1313    0.068178
1314    0.068059
1315    0.117577
1316    0.096317
1317    0.075312
1318    0.077835
1319    0.075021
1320    0.074763
1321    0.068168
1322    0.065819
1323    0.065904
1324    0.070564
1325    0.064467
1326    0.067150
1327    0.065761
1328    0.067481
1329    0.065162
1330    0.071481
1331    0.068628
1332    0.067571
1333    0.065367
1334    0.066217
1335    0.065608
1336    0.124136
1337    0.082481
1338    0.088139
1339    0.084660
