1    0.001453
2    0.001453
3    0.002932
4    0.002991
5    0.002591
6    0.003329
7    0.003071
8    0.002823
9    0.002831
10    0.002682
11    0.003007
12    0.002958
13    0.002115
14    0.001052
15    0.002225
16    0.002158
17    0.002068
18    0.001967
19    0.002253
20    0.002231
21    0.002039
22    0.002449
23    0.002681
24    0.002244
25    0.000952
26    0.000957
27    0.000989
28    0.001068
29    0.001099
30    0.000988
31    0.001136
32    0.001149
33    0.002097
34    0.000952
35    0.001203
36    0.001092
37    0.001111
38    0.000946
39    0.001233
40    0.001229
41    0.001016
42    0.001232
43    0.001015
44    0.001931
45    0.000944
46    0.001121
47    0.001187
48    0.001105
49    0.001511
50    0.000923
51    0.001022
52    0.000998
53    0.001145
54    0.001890
55    0.001305
56    0.001002
57    0.001870
58    0.001080
59    0.001096
60    0.001199
61    0.001047
62    0.000951
63    0.000951
64    0.001033
65    0.000964
66    0.001882
67    0.001081
68    0.000929
69    0.000958
70    0.000972
71    0.001318
72    0.001843
73    0.001015
74    0.000942
75    0.001243
76    0.001443
77    0.001067
78    0.000919
79    0.001081
80    0.000992
81    0.001866
82    0.001763
83    0.001199
84    0.002272
85    0.000951
86    0.001078
87    0.000983
88    0.001423
89    0.000952
90    0.001016
91    0.001913
92    0.000929
93    0.001070
94    0.001741
95    0.001172
96    0.001533
97    0.001053
98    0.000940
99    0.000949
100    0.001094
101    0.001536
102    0.000961
103    0.000935
104    0.000920
105    0.001004
106    0.001128
107    0.001261
108    0.001167
109    0.001131
110    0.001141
111    0.001077
112    0.000959
113    0.001003
114    0.001718
115    0.001668
116    0.001207
117    0.000959
118    0.001856
119    0.001185
120    0.001068
121    0.001741
122    0.000935
123    0.001856
124    0.000968
125    0.001011
126    0.000996
127    0.001078
128    0.002088
129    0.000970
130    0.001043
131    0.001825
132    0.000912
133    0.001548
134    0.000986
135    0.001080
136    0.001101
137    0.001583
138    0.001243
139    0.001287
140    0.001219
141    0.000938
142    0.001358
143    0.001881
144    0.001336
145    0.001097
146    0.000941
147    0.001108
148    0.001906
149    0.001008
150    2.530126
151    0.087160
152    0.144172
153    0.137232
154    0.161411
155    0.133957
156    0.171209
157    0.159662
158    0.132479
159    0.135674
160    0.170340
161    0.136703
162    0.136491
163    0.137125
164    0.136904
165    0.132901
166    0.125255
167    0.115206
168    0.118317
169    0.120450
170    0.166358
171    0.136165
172    0.136363
173    0.133786
174    0.134277
175    0.135278
176    0.117571
177    0.116474
178    0.113811
179    0.120579
180    0.119972
181    0.116952
182    0.126013
183    0.117839
184    0.116844
185    0.116389
186    0.118882
187    0.119128
188    0.117573
189    0.116965
190    0.115755
191    0.118769
192    0.118713
193    0.120903
194    0.170489
195    0.143516
196    0.167444
197    0.133014
198    0.135392
199    0.134454
200    0.159930
201    0.162812
202    0.133366
203    0.129055
204    0.131329
205    0.129372
206    0.132926
207    0.116241
208    0.113306
209    0.113393
210    0.157588
211    0.132080
212    0.131028
213    0.128918
214    0.130607
215    0.167926
216    0.217823
217    0.140922
218    0.133054
219    0.134517
220    0.145795
221    0.165614
222    0.133817
223    0.139071
224    0.170603
225    0.149060
226    0.134444
227    0.137247
228    0.133720
229    0.135572
230    0.126402
231    0.118822
232    0.114172
233    0.116850
234    0.114112
235    0.202781
236    0.141213
237    0.139331
238    0.142285
239    0.140503
240    0.138558
241    0.122260
242    0.121715
243    0.165671
244    0.136868
245    0.136012
246    0.138721
247    0.134632
248    0.133265
249    0.116095
250    0.142014
251    0.117327
252    0.117380
253    0.162089
254    0.131648
255    0.132823
256    0.132545
257    0.172947
258    0.132519
259    0.131796
260    0.132709
261    0.133920
262    0.136337
263    0.158735
264    0.133922
265    0.132966
266    0.131707
267    0.133345
268    0.146871
269    0.136614
270    0.138583
271    0.135604
272    0.132703
273    0.118678
274    0.116626
275    0.117781
276    0.111578
277    0.116533
278    0.114862
279    0.166363
280    0.116877
281    0.119861
282    0.119708
283    0.116985
284    0.115298
285    0.116919
286    0.115809
287    0.116931
288    0.114816
289    0.117614
290    0.116304
291    0.115520
292    0.115283
293    0.110841
294    0.118266
295    0.115747
296    0.118771
297    0.116589
298    0.117448
299    0.180413
300    0.206856
301    0.180476
302    0.181719
303    0.177772
304    0.187939
305    0.191954
306    0.196686
307    0.184268
308    0.217971
309    0.243986
310    0.210610
311    0.177031
312    0.208765
313    0.174184
314    0.213781
315    0.269691
316    0.215419
317    0.201534
318    0.203500
319    0.177991
320    0.183499
321    0.180565
322    0.156101
323    0.156922
324    0.159657
325    0.149321
326    0.155707
327    0.153830
328    0.147478
329    0.156185
330    0.155646
331    0.160559
332    0.210981
333    0.246273
334    0.193659
335    0.212950
336    0.191330
337    0.200045
338    0.176163
339    0.210200
340    0.168518
341    0.208458
342    0.202617
343    0.197227
344    0.234262
345    0.211427
346    0.166468
347    0.173348
348    0.173948
349    0.167425
350    0.180465
351    0.163701
352    0.133098
353    0.186432
354    0.152104
355    0.190122
356    0.152941
357    0.140569
358    0.152486
359    0.188549
360    0.156517
361    0.157299
362    0.174075
363    0.206723
364    0.192376
365    0.172328
366    0.170739
367    0.172061
368    0.160041
369    0.207244
370    0.190573
371    0.194645
372    0.205844
373    0.174958
374    0.176948
375    0.155239
376    0.156029
377    0.208606
378    0.202385
379    0.173686
380    0.176334
381    0.174054
382    0.213551
383    0.178189
384    0.172386
385    0.173697
386    0.171649
387    0.153476
388    0.191585
389    0.203854
390    0.166010
391    0.248458
392    0.206666
393    0.169443
394    0.210681
395    0.179757
396    0.167553
397    0.156309
398    0.160584
399    0.145190
400    0.228861
401    0.168519
402    0.135830
403    0.168174
404    0.158193
405    0.146641
406    0.211123
407    0.197577
408    0.156711
409    0.218651
410    0.138654
411    0.133516
412    0.148003
413    0.156375
414    0.217648
415    0.177933
416    0.170869
417    0.154365
418    0.148694
419    0.200420
420    0.172877
421    0.173436
422    0.227393
423    0.183649
424    0.199212
425    0.171196
426    0.206770
427    0.208649
428    0.210276
429    0.177152
430    0.175578
431    0.174834
432    0.167504
433    0.249990
434    0.214247
435    0.205142
436    0.275842
437    0.206120
438    0.228222
439    0.171012
440    0.203431
441    0.179650
442    0.218199
443    0.202133
444    0.201336
445    0.173837
446    0.204516
447    0.182508
448    0.179504
449    0.176273
450    0.186700
451    0.121741
452    0.121087
453    0.114907
454    0.132807
455    0.130365
456    0.185361
457    0.176108
458    0.144592
459    0.148866
460    0.149437
461    0.143183
462    0.145207
463    0.206855
464    0.202650
465    0.186292
466    0.176641
467    0.171664
468    0.161984
469    0.150218
470    0.145983
471    0.149648
472    0.150811
473    0.149133
474    0.149222
475    0.154035
476    0.151546
477    0.154453
478    0.151678
479    0.152069
480    0.152502
481    0.152567
482    0.202737
483    0.172205
484    0.273909
485    0.178108
486    0.173694
487    0.214032
488    0.177723
489    0.177926
490    0.178669
491    0.175642
492    0.155765
493    0.156941
494    0.153703
495    0.164714
496    0.205666
497    0.172010
498    0.175218
499    0.203207
500    0.194040
501    0.177660
502    0.139834
503    0.153574
504    0.156484
505    0.145652
506    0.146955
507    0.182968
508    0.156308
509    0.151101
510    0.158934
511    0.171305
512    0.160702
513    0.197693
514    0.173087
515    0.171390
516    0.176357
517    0.180695
518    0.186824
519    0.172100
520    0.208330
521    0.232774
522    0.177427
523    0.227921
524    0.200022
525    0.173801
526    0.174810
527    0.199147
528    0.211167
529    0.232795
530    0.200606
531    0.173656
532    0.218124
533    0.216405
534    0.167098
535    0.170433
536    0.170038
537    0.215908
538    0.242738
539    0.216886
540    0.185620
541    0.184263
542    0.173443
543    0.183121
544    0.207471
545    0.205867
546    0.231002
547    0.212949
548    0.212319
549    0.196975
550    0.192055
551    0.139759
552    0.173456
553    0.136176
554    0.154724
555    0.184250
556    0.141905
557    0.148813
558    0.149353
559    0.151372
560    0.161293
561    0.145920
562    0.148394
563    0.192395
564    0.241462
565    0.170062
566    0.173580
567    0.170225
568    0.152212
569    0.149936
570    0.146881
571    0.146884
572    0.149774
573    0.202302
574    0.166419
575    0.175584
576    0.175970
577    0.204294
578    0.176011
579    0.207317
580    0.178317
581    0.204761
582    0.180542
583    0.203270
584    0.175302
585    0.176822
586    0.173507
587    0.177703
588    0.177779
589    0.244736
590    0.204370
591    0.173015
592    0.176043
593    0.201203
594    0.177964
595    0.181453
596    0.202015
597    0.195776
598    0.169894
599    0.172308
600    0.237248
601    0.183797
602    0.168567
603    0.144915
604    0.143850
605    0.144298
606    0.137231
607    0.180340
608    0.146347
609    0.147285
610    0.149569
611    0.164985
612    0.194489
613    0.199356
614    0.208947
615    0.179525
616    0.198022
617    0.178976
618    0.195056
619    0.172914
620    0.162831
621    0.153310
622    0.151013
623    0.154725
624    0.153398
625    0.150818
626    0.154107
627    0.158318
628    0.195474
629    0.174567
630    0.177026
631    0.171114
632    0.191268
633    0.178981
634    0.175806
635    0.176758
636    0.158363
637    0.201086
638    0.172524
639    0.170535
640    0.168626
641    0.166136
642    0.154625
643    0.149622
644    0.155762
645    0.161255
646    0.156039
647    0.154044
648    0.153275
649    0.156216
650    0.252399
651    0.158480
652    0.148376
653    0.170015
654    0.153749
655    0.158414
656    0.158378
657    0.175262
658    0.151388
659    0.153837
660    7.233706
661    0.121026
662    0.119636
663    0.119214
664    0.158618
665    0.192112
666    0.138623
667    0.135787
668    0.185986
669    0.137683
670    0.152376
671    0.134912
672    0.154310
673    0.177247
674    0.124222
675    0.121873
676    0.138287
677    0.137260
678    0.125264
679    0.133883
680    0.123747
681    0.119490
682    0.120972
683    0.122625
684    0.121650
685    0.120110
686    0.123109
687    0.116072
688    0.135816
689    0.123067
690    0.123137
691    0.165911
692    0.136130
693    0.168248
694    0.138173
695    0.141163
696    0.137386
697    0.137093
698    0.127418
699    0.121603
700    0.146316
701    0.125159
702    0.122708
703    0.120639
704    0.116964
705    0.120545
706    0.120763
707    0.115334
708    0.115484
709    0.115893
710    0.119828
711    0.119989
712    0.117709
713    0.116980
714    0.119228
715    0.120401
716    0.114790
717    0.115659
718    0.113736
719    0.121734
720    0.117553
721    0.121170
722    0.182432
723    0.168829
724    0.137919
725    0.137811
726    0.136302
727    0.139972
728    0.134843
729    0.160885
730    0.135315
731    0.160519
732    0.136268
733    0.137034
734    0.134482
735    0.137362
736    0.130739
737    0.116196
738    0.177646
739    0.122810
740    0.122989
741    0.135682
742    0.134638
743    0.165311
744    0.151550
745    0.138856
746    0.136092
747    0.184298
748    0.175609
749    0.140521
750    0.167010
751    0.170633
752    0.160765
753    0.181547
754    0.165357
755    0.175139
756    0.173543
757    0.182244
758    0.179307
759    0.137793
760    0.187410
761    0.169243
762    0.174597
763    0.139270
764    0.138842
765    0.139877
766    0.139819
767    0.135629
768    0.124829
769    0.118638
770    0.163221
771    0.136565
772    0.171576
773    0.138184
774    0.139339
775    0.184685
776    0.146899
777    0.173754
778    0.139316
779    0.139472
780    0.142335
781    0.139201
782    0.137539
783    0.121252
784    0.118323
785    0.117169
786    0.118885
787    0.118325
788    0.118723
789    0.175203
790    0.140429
791    0.140635
792    0.136973
793    0.138903
794    0.137883
795    0.119968
796    0.123169
797    0.135635
798    0.154499
799    0.169758
800    0.159709
801    0.166848
802    0.166560
803    0.146862
804    0.156376
805    0.118318
806    0.115988
807    0.118495
808    0.149655
809    0.133111
810    0.133780
811    0.135088
812    0.132923
813    0.121086
814    0.114941
815    0.114066
816    0.165962
817    0.134332
818    0.133752
819    0.179302
820    0.134630
821    0.137005
822    0.168896
823    0.137946
824    0.160371
825    0.136233
826    0.185991
827    0.160837
828    0.139336
829    0.140640
830    0.139785
831    0.138317
832    0.161426
833    0.176029
834    0.177218
835    0.170873
836    0.150112
837    0.165475
838    0.140122
839    0.153910
840    0.184239
841    0.171596
842    0.137601
843    0.160703
844    0.174999
845    0.160388
846    0.138245
847    0.139167
848    0.141432
849    0.170792
850    0.164729
851    0.139606
852    0.196762
853    0.143054
854    0.136738
855    0.187813
856    0.176477
857    0.140866
858    0.145779
859    0.173833
860    0.137228
861    0.138342
862    0.172159
863    0.136640
864    0.140296
865    0.173378
866    0.142211
867    0.141343
868    0.136742
869    0.174133
870    0.181178
871    0.173724
872    0.177019
873    0.140275
874    0.141367
875    0.140540
876    0.140465
877    0.139714
878    0.189400
879    0.141566
880    0.141620
881    0.173326
882    0.140151
883    0.141472
884    0.181061
885    0.173299
886    0.143106
887    0.174744
888    0.172702
889    0.143467
890    0.139849
891    0.171901
892    0.142538
893    0.139175
894    0.139161
895    0.138667
896    0.139133
897    0.124144
898    0.123568
899    0.119034
900    0.145168
901    0.120723
902    0.117186
903    0.116826
904    0.114873
905    0.120791
906    0.120849
907    0.124246
908    0.171913
909    0.137927
910    0.138736
911    0.137359
912    0.140133
913    0.170076
914    0.139712
915    0.140460
916    0.138504
917    0.138286
918    0.128998
919    0.117329
920    0.117570
921    0.116382
922    0.113083
923    0.109996
924    0.113512
925    0.166964
926    0.140425
927    0.141386
928    0.168310
929    0.138987
930    0.165204
931    0.140034
932    0.172909
933    0.173286
934    0.171055
935    0.161679
936    0.168182
937    0.176512
938    0.143763
939    0.145108
940    0.143082
941    0.139665
942    0.135951
943    0.120328
944    0.169904
945    0.140947
946    0.140319
947    0.142310
948    0.141304
949    0.141391
950    0.139108
951    0.110700
952    0.109278
953    0.113693
954    0.113036
955    0.110964
956    0.113648
957    0.116244
958    0.124683
959    0.118259
960    0.120629
961    0.124295
962    0.120290
963    0.120332
964    0.120146
965    0.120092
966    0.123346
967    0.118368
968    0.120512
969    0.122796
970    0.122198
971    0.119774
972    0.119425
973    0.119417
974    0.118240
975    0.121716
976    0.176773
977    0.140321
978    0.144836
979    0.138369
980    0.138989
981    0.136275
982    0.116392
983    0.167842
984    0.135305
985    0.139659
986    0.138726
987    0.138586
988    0.172840
989    0.135819
990    0.134077
991    0.137022
992    0.135482
993    0.128693
994    0.116963
995    0.116203
996    0.117646
997    0.119506
998    0.116979
999    0.118508
1000    0.140318
1001    0.118313
1002    0.119171
1003    0.117131
1004    0.119664
1005    0.120946
1006    0.117469
1007    0.112484
1008    0.111903
1009    0.118014
1010    0.112664
1011    0.113911
1012    0.112071
1013    0.115391
1014    0.118938
1015    0.154402
1016    0.159517
1017    0.149872
1018    0.114672
1019    0.115995
1020    0.192632
1021    0.133096
1022    0.133335
1023    0.132916
1024    0.132098
1025    0.132275
1026    0.116672
1027    0.111480
1028    0.114494
1029    0.115343
1030    0.114498
1031    0.114210
1032    0.113626
1033    0.112083
1034    0.113352
1035    0.169494
1036    0.138307
1037    0.134384
1038    0.136350
1039    0.135455
1040    0.136628
1041    0.125556
1042    0.122001
1043    0.119928
1044    0.159734
1045    0.140463
1046    0.139699
1047    0.142015
1048    0.141384
1049    0.171571
1050    0.159726
1051    0.137359
1052    0.139304
1053    0.175343
1054    0.179215
1055    0.178438
1056    0.141582
1057    0.143577
1058    0.141268
1059    0.141392
1060    0.173445
1061    0.139985
1062    0.141816
1063    0.141658
1064    0.140428
1065    0.137188
1066    0.171779
1067    0.177564
1068    0.138379
1069    0.135891
1070    0.134398
1071    0.134697
1072    0.172535
1073    0.141209
1074    0.138676
1075    0.140637
1076    0.138968
1077    0.134095
1078    0.118690
1079    0.123928
1080    0.121518
1081    0.122240
1082    0.117670
1083    0.123724
1084    0.118577
1085    0.120906
1086    0.121824
1087    0.120334
1088    0.120836
1089    0.144022
1090    0.151714
1091    0.137026
1092    0.137372
1093    0.137920
1094    0.132460
1095    0.186560
1096    0.160626
1097    0.145639
1098    0.140522
1099    0.143136
1100    0.167631
1101    0.127845
1102    0.123007
1103    0.142514
1104    0.140603
1105    0.136560
1106    0.118401
1107    0.115465
1108    0.168076
1109    0.137301
1110    0.161165
1111    0.177350
1112    0.142003
1113    0.141446
1114    0.145004
1115    0.142733
1116    0.138306
1117    0.124646
1118    0.115505
1119    0.170067
1120    0.195488
1121    0.124600
1122    0.118367
1123    0.172037
1124    0.162094
1125    0.151027
1126    0.135750
1127    0.134836
1128    0.135801
1129    0.135170
1130    0.130369
1131    0.118383
1132    0.120304
1133    0.122780
1134    0.167862
1135    0.142310
1136    0.167996
1137    0.137449
1138    0.136974
1139    0.138065
1140    0.139861
1141    0.132017
1142    0.112469
1143    0.111670
1144    0.109106
1145    0.108301
1146    0.113405
1147    0.171381
1148    0.157923
1149    0.163498
1150    0.175015
1151    0.150968
1152    0.183866
1153    0.148865
1154    0.146522
1155    0.147174
1156    0.150041
1157    0.199686
1158    0.203796
1159    0.171597
1160    0.208843
1161    0.173469
1162    0.180673
1163    0.216297
1164    0.212654
1165    0.214374
1166    0.181321
1167    0.174760
1168    0.172837
1169    0.211825
1170    7.373734
1171    0.119659
1172    0.200473
1173    0.166873
1174    0.148371
1175    0.143487
1176    0.143855
1177    0.144441
1178    0.172594
1179    0.170851
1180    0.139130
1181    0.142459
1182    0.141405
1183    0.140729
1184    0.174837
1185    0.143124
1186    0.146172
1187    0.144513
1188    0.147146
1189    0.226294
1190    0.167328
1191    0.175254
1192    0.142976
1193    0.182354
1194    0.140453
1195    0.141718
1196    0.163279
1197    0.140531
1198    0.141984
1199    0.176254
1200    0.199414
1201    0.149595
1202    0.151180
1203    0.149991
1204    0.145313
1205    0.127026
1206    0.127480
1207    0.127107
1208    0.127997
1209    0.130481
1210    0.132971
1211    0.173263
1212    0.155116
1213    0.187905
1214    0.162348
1215    0.179843
1216    0.147135
1217    0.149212
1218    0.148346
1219    0.152024
1220    0.143812
1221    0.134253
1222    0.189221
1223    0.156535
1224    0.160963
1225    0.175606
1226    0.149709
1227    0.148030
1228    0.147562
1229    0.185692
1230    0.153650
1231    0.147742
1232    0.145524
1233    0.148775
1234    0.129027
1235    0.129527
1236    0.130147
1237    0.130191
1238    0.127673
1239    0.130018
1240    0.131517
1241    0.130750
1242    0.125001
1243    0.128367
1244    0.131030
1245    0.131679
1246    0.131803
1247    0.127185
1248    0.133290
1249    0.124637
1250    0.144599
1251    0.124786
1252    0.125297
1253    0.127310
1254    0.124072
1255    0.128038
1256    0.126087
1257    0.123864
1258    0.169660
1259    0.146010
1260    0.166614
1261    0.172348
1262    0.176673
1263    0.201705
1264    0.178115
1265    0.143363
1266    0.145243
1267    0.163705
1268    0.137228
1269    0.137558
1270    0.138257
1271    0.137098
1272    0.174980
1273    0.169601
1274    0.146467
1275    0.172383
1276    0.142211
1277    0.142906
1278    0.148278
1279    0.142075
1280    0.142390
1281    0.132875
1282    0.126003
1283    0.126005
1284    0.127956
1285    0.123300
1286    0.159858
1287    0.149330
1288    0.139716
1289    0.142907
1290    0.139371
1291    0.140544
1292    0.133353
1293    0.124559
1294    0.125809
1295    0.130577
1296    0.123690
1297    0.121560
1298    0.125588
1299    0.124653
1300    0.148884
1301    0.124508
1302    0.121831
1303    0.127963
1304    0.122947
1305    0.125622
1306    0.169348
1307    0.143196
1308    0.142476
1309    0.139009
1310    0.140915
1311    0.130973
1312    0.114777
1313    0.113760
1314    0.116459
1315    0.112020
1316    0.112642
1317    0.116907
1318    0.114137
1319    0.114276
1320    0.113444
1321    0.122015
1322    0.178847
1323    0.146597
1324    0.144288
1325    0.183524
1326    0.163145
1327    0.160768
1328    0.145405
1329    0.145712
1330    0.145239
1331    0.145645
1332    0.132172
1333    0.129322
1334    0.174139
1335    0.178799
1336    0.138563
1337    0.140895
1338    0.139384
1339    0.140035
1340    0.142750
1341    0.119831
1342    0.123083
1343    0.123917
1344    0.173940
1345    0.178769
1346    0.129269
1347    0.125856
1348    0.122923
1349    0.124953
1350    0.148302
1351    0.123547
1352    0.121905
1353    0.118857
1354    0.118985
1355    0.123646
1356    0.119643
1357    0.124287
1358    0.199743
1359    0.178922
1360    0.144053
1361    0.179134
1362    0.151134
1363    0.141715
1364    0.140435
1365    0.183599
1366    0.173610
1367    0.206435
1368    0.175671
1369    0.151579
1370    0.154143
1371    0.153129
1372    0.152048
1373    0.140065
1374    0.130555
1375    0.136877
1376    0.135908
1377    0.138195
1378    0.128891
1379    0.130297
1380    0.128430
1381    0.126584
1382    0.126895
1383    0.130164
1384    0.172870
1385    0.142864
1386    0.172252
1387    0.150547
1388    0.172773
1389    0.140402
1390    0.143968
1391    0.142775
1392    0.164005
1393    0.155370
1394    0.144942
1395    0.185642
1396    0.154788
1397    0.149971
1398    0.169963
1399    0.143986
1400    0.208587
1401    0.149844
1402    0.150503
1403    0.178628
1404    0.147805
1405    0.141105
1406    0.128672
1407    0.130622
1408    0.127273
1409    0.132602
1410    0.133038
1411    0.128136
1412    0.180304
1413    0.166538
1414    0.179268
1415    0.176143
1416    0.144997
1417    0.177270
1418    0.125171
1419    0.120588
1420    0.127365
1421    0.176025
1422    0.178613
1423    0.165458
1424    0.147884
1425    0.146317
1426    0.146775
1427    0.148250
1428    0.126566
1429    0.138755
1430    0.173635
1431    0.145571
1432    0.146588
1433    0.143939
1434    0.141099
1435    0.140230
1436    0.121589
1437    0.127034
1438    0.117577
1439    0.119441
1440    0.119923
1441    0.181911
1442    0.179894
1443    0.143733
1444    0.143898
1445    0.142540
1446    0.143432
1447    0.145751
1448    0.124403
1449    0.120645
1450    0.209347
1451    0.146185
1452    0.143938
1453    0.177158
1454    0.143459
1455    0.143740
1456    0.141881
1457    0.145220
1458    0.136737
1459    0.120619
1460    0.180841
1461    0.144368
1462    0.142955
1463    0.142715
1464    0.142985
1465    0.125899
1466    0.122196
1467    0.125546
1468    0.121178
1469    0.124695
1470    0.124238
1471    0.119637
1472    0.122986
1473    0.120634
1474    0.123611
1475    0.124976
1476    0.123234
1477    0.123904
1478    0.121359
1479    0.122894
1480    0.124061
1481    0.122977
1482    0.128063
1483    0.175536
1484    0.142217
1485    0.141791
1486    0.143455
1487    0.144253
1488    0.138450
1489    0.130767
1490    0.124231
1491    0.163505
1492    0.144764
1493    0.144495
1494    0.146195
1495    0.170362
1496    0.149535
1497    0.181355
1498    0.196475
1499    0.175343
1500    0.173291
1501    0.201368
1502    0.148179
1503    0.178067
1504    0.143678
1505    0.130276
1506    0.126722
1507    0.171952
1508    0.140207
1509    0.142161
1510    0.175193
1511    0.144803
1512    0.145271
1513    0.142929
1514    0.143869
1515    0.130704
1516    0.123232
1517    0.172736
1518    0.139664
1519    0.143102
1520    0.141159
1521    0.143439
1522    0.180900
1523    0.172771
1524    0.184056
1525    0.143037
1526    0.144839
1527    0.144751
1528    0.193767
1529    0.143386
1530    0.177469
1531    0.148741
1532    0.217286
1533    0.153892
1534    0.167776
1535    0.177422
1536    0.149200
1537    0.147809
1538    0.146436
1539    0.181570
1540    0.174600
1541    0.143758
1542    0.141844
1543    0.140361
1544    0.145431
1545    0.141473
1546    0.124663
1547    0.125792
1548    0.128776
1549    0.179369
1550    0.170326
1551    0.143590
1552    0.142558
1553    0.140192
1554    0.137968
1555    0.124420
1556    0.178597
1557    0.142038
1558    0.137780
1559    0.139235
1560    0.140511
1561    0.138668
1562    0.141441
1563    0.183883
1564    0.180125
1565    0.147606
1566    0.176779
1567    0.157191
1568    0.170287
1569    0.147424
1570    0.145507
1571    0.172234
1572    0.143767
1573    0.147276
1574    0.202031
1575    0.145338
1576    0.144271
1577    0.143569
1578    0.147195
1579    0.144645
1580    0.128504
1581    0.135969
1582    0.123917
1583    0.124614
1584    0.129137
1585    0.167497
1586    0.146024
1587    0.145695
1588    0.144053
1589    0.173442
1590    0.146253
1591    0.145260
1592    0.144053
1593    0.143996
1594    0.135426
1595    0.123912
1596    0.126115
1597    0.126368
1598    0.131055
1599    0.129046
1600    0.149100
1601    0.130707
1602    0.174978
1603    0.174433
1604    0.180531
1605    0.143386
1606    0.144379
1607    0.146782
1608    0.141756
1609    0.141385
1610    0.127782
1611    0.125124
1612    0.132196
1613    0.126491
1614    0.124491
1615    0.128489
1616    0.123519
1617    0.124924
1618    0.127212
1619    0.126237
1620    0.126930
1621    0.123242
1622    0.141261
1623    0.165436
1624    0.173087
1625    0.178340
1626    0.166098
1627    0.140861
1628    0.141020
1629    0.144499
1630    0.178308
1631    0.177032
1632    0.145558
1633    0.175484
1634    0.173427
1635    0.140763
1636    0.142605
1637    0.141422
1638    0.178480
1639    0.144211
1640    0.127523
1641    0.123771
1642    0.121545
1643    0.125891
1644    0.126066
1645    0.122889
1646    0.140981
1647    0.130308
1648    0.129206
1649    0.130342
1650    0.210346
1651    0.169355
1652    0.148436
1653    0.176847
1654    0.179485
1655    0.147754
1656    0.165471
1657    0.199247
1658    0.186461
1659    0.175569
1660    0.153945
1661    0.159684
1662    0.198355
1663    0.184202
1664    0.240008
1665    0.187497
1666    0.183241
1667    0.188307
1668    0.223886
1669    0.260225
1670    0.210911
1671    0.212346
1672    0.218782
1673    0.186132
1674    0.215845
1675    0.181511
1676    0.184519
1677    0.182073
1678    0.165717
1679    0.155934
1680    6.768856
1681    0.147881
1682    0.145277
1683    0.149858
1684    0.144928
1685    0.128763
1686    0.123753
1687    0.179228
1688    0.182529
1689    0.141681
1690    0.171532
1691    0.187762
1692    0.129150
1693    0.115604
1694    0.118623
1695    0.118382
1696    0.116051
1697    0.172657
1698    0.145857
1699    0.174105
1700    0.162957
1701    0.143046
1702    0.173261
1703    0.174435
1704    0.150987
1705    0.145559
1706    0.143681
1707    0.149465
1708    0.172339
1709    0.140102
1710    0.180957
1711    0.152923
1712    0.176379
1713    0.150621
1714    0.177718
1715    0.174763
1716    0.180323
1717    0.175779
1718    0.147786
1719    0.178782
1720    0.207726
1721    0.179946
1722    0.176268
1723    0.177372
1724    0.145597
1725    0.143422
1726    0.142747
1727    0.143052
1728    0.140965
1729    0.178150
1730    0.182220
1731    0.144156
1732    0.146937
1733    0.144686
1734    0.143165
1735    0.131806
1736    0.123596
1737    0.122831
1738    0.123891
1739    0.124887
1740    0.126007
1741    0.159868
1742    0.173562
1743    0.147582
1744    0.148936
1745    0.173429
1746    0.177248
1747    0.196300
1748    0.147182
1749    0.177615
1750    0.253717
1751    0.143504
1752    0.141991
1753    0.145130
1754    0.143889
1755    0.144096
1756    0.212780
1757    0.165269
1758    0.151285
1759    0.143432
1760    0.140211
1761    0.140539
1762    0.172213
1763    0.187367
1764    0.140323
1765    0.139417
1766    0.140388
1767    0.142589
1768    0.134619
1769    0.169499
1770    0.140513
1771    0.173290
1772    0.140809
1773    0.142769
1774    0.143535
1775    0.141544
1776    0.133957
1777    0.189629
1778    0.177498
1779    0.172310
1780    0.141410
1781    0.176934
1782    0.142534
1783    0.140916
1784    0.142663
1785    0.141509
1786    0.142863
1787    0.168559
1788    0.196094
1789    0.175818
1790    0.139786
1791    0.199455
1792    0.141490
1793    0.140248
1794    0.142051
1795    0.192744
1796    0.181507
1797    0.142478
1798    0.147147
1799    0.181608
1800    0.174277
1801    0.145082
1802    0.145398
1803    0.145623
1804    0.136888
1805    0.120920
1806    0.119485
1807    0.120228
1808    0.118572
1809    0.123244
1810    0.116349
1811    0.123978
1812    0.121116
1813    0.174382
1814    0.142679
1815    0.140474
1816    0.142716
1817    0.199065
1818    0.143564
1819    0.120094
1820    0.117421
1821    0.124019
1822    0.175275
1823    0.125238
1824    0.123252
1825    0.125472
1826    0.122849
1827    0.123200
1828    0.117376
1829    0.116499
1830    0.116887
1831    0.116308
1832    0.117354
1833    0.120816
1834    0.120640
1835    0.122030
1836    0.200816
1837    0.138970
1838    0.140178
1839    0.138849
1840    0.141129
1841    0.137718
1842    0.118801
1843    0.116304
1844    0.116117
1845    0.113709
1846    0.115224
1847    0.120863
1848    0.119014
1849    0.117003
1850    0.138749
1851    0.116546
1852    0.162913
1853    0.139502
1854    0.136658
1855    0.137407
1856    0.137352
1857    0.123493
1858    0.112464
1859    0.114393
1860    0.114471
1861    0.112664
1862    0.113620
1863    0.122328
1864    0.120511
1865    0.120918
1866    0.120975
1867    0.119180
1868    0.120088
1869    0.117517
1870    0.122792
1871    0.118995
1872    0.119956
1873    0.117031
1874    0.114759
1875    0.172533
1876    0.140329
1877    0.141633
1878    0.143338
1879    0.187258
1880    0.147266
1881    0.146886
1882    0.142097
1883    0.144639
1884    0.176948
1885    0.142212
1886    0.169017
1887    0.155776
1888    0.146033
1889    0.145982
1890    0.146969
1891    0.145175
1892    0.129084
1893    0.121623
1894    0.121784
1895    0.122572
1896    0.174083
1897    0.144960
1898    0.151033
1899    0.196448
1900    0.171176
1901    0.176536
1902    0.142705
1903    0.140477
1904    0.141945
1905    0.141772
1906    0.142507
1907    0.120350
1908    0.119656
1909    0.115504
1910    0.117615
1911    0.117002
1912    0.116689
1913    0.115740
1914    0.124231
1915    0.166640
1916    0.139861
1917    0.140942
1918    0.178077
1919    0.171061
1920    0.144490
1921    0.176844
1922    0.170589
1923    0.137920
1924    0.178295
1925    0.166754
1926    0.179017
1927    0.149196
1928    0.146769
1929    0.146228
1930    0.148793
1931    0.161335
1932    0.140908
1933    0.139519
1934    0.138151
1935    0.218013
1936    0.149447
1937    0.140098
1938    0.136799
1939    0.137265
1940    0.138130
1941    0.137036
1942    0.131229
1943    0.120411
1944    0.117588
1945    0.118712
1946    0.176160
1947    0.143053
1948    0.137055
1949    0.139319
1950    0.161473
1951    0.127680
1952    0.126455
1953    0.118323
1954    0.119664
1955    0.124244
1956    0.117526
1957    0.123195
1958    0.119971
1959    0.120105
1960    0.123320
1961    0.119161
1962    0.118753
1963    0.120027
1964    0.172220
1965    0.146805
1966    0.179483
1967    0.176867
1968    0.178406
1969    0.169958
1970    0.187440
1971    0.204154
1972    0.144019
1973    0.145059
1974    0.143386
1975    0.144509
1976    0.143865
1977    0.130465
1978    0.124249
1979    0.123989
1980    0.174848
1981    0.143042
1982    0.142687
1983    0.173939
1984    0.185298
1985    0.150910
1986    0.156845
1987    0.145400
1988    0.180104
1989    0.148836
1990    0.147917
1991    0.169402
1992    0.142374
1993    0.140961
1994    0.141884
1995    0.140469
1996    0.135064
1997    0.120150
1998    0.123491
1999    0.120642
2000    0.141244
2001    0.119844
2002    0.118840
2003    0.119830
2004    0.121716
2005    0.118435
2006    0.119261
2007    0.119194
2008    0.115944
2009    0.119468
2010    0.117668
2011    0.119940
2012    0.119165
2013    0.115890
2014    0.122013
2015    0.118889
2016    0.118435
2017    0.120662
2018    0.117700
2019    0.115155
2020    0.111274
2021    0.115159
2022    0.113359
2023    0.113937
2024    0.111256
2025    0.111347
2026    0.111363
2027    0.117433
2028    0.119063
2029    0.120492
2030    0.121051
2031    0.125171
2032    0.185452
2033    0.139262
2034    0.142216
2035    0.170227
2036    0.143560
2037    0.142627
2038    0.141779
2039    0.144932
2040    0.130413
2041    0.114683
2042    0.177172
2043    0.188014
2044    0.141316
2045    0.140551
2046    0.140627
2047    0.139484
2048    0.141856
2049    0.139735
2050    0.145318
2051    0.124372
2052    0.122840
2053    0.119690
2054    0.122765
2055    0.121843
2056    0.179076
2057    0.141631
2058    0.143761
2059    0.194032
2060    0.135383
2061    0.136073
2062    0.139188
2063    0.136891
2064    0.132347
2065    0.118212
2066    0.118788
2067    0.118100
2068    0.115633
2069    0.112682
2070    0.116218
2071    0.112594
2072    0.179064
2073    0.182516
2074    0.213510
2075    0.203167
2076    0.144514
2077    0.175938
2078    0.143040
2079    0.141614
2080    0.138445
2081    0.124590
2082    0.121355
2083    0.122331
2084    0.119479
2085    0.117056
2086    0.122915
2087    0.156380
2088    0.142673
2089    0.150250
2090    0.137606
2091    0.125386
2092    0.125017
2093    0.126899
2094    0.119039
2095    0.119256
2096    0.120345
2097    0.120566
2098    0.120337
2099    0.119933
2100    0.144249
2101    0.120590
2102    0.172122
2103    0.140030
2104    0.140176
2105    0.141946
2106    0.140007
2107    0.142352
2108    0.165215
2109    0.138882
2110    0.136973
2111    0.137288
2112    0.139363
2113    0.173336
2114    0.141717
2115    0.138760
2116    0.138946
2117    0.140120
2118    0.138596
2119    0.123859
2120    0.120458
2121    0.118746
2122    0.118836
2123    0.121131
2124    0.119842
2125    0.117163
2126    0.118890
2127    0.116947
2128    0.118047
2129    0.119213
2130    0.164336
2131    0.144106
2132    0.146634
2133    0.146779
2134    0.146046
2135    0.132545
2136    0.127212
2137    0.126343
2138    0.124674
2139    0.125417
2140    0.122169
2141    0.119871
2142    0.122881
2143    0.120433
2144    0.122117
2145    0.118391
2146    0.120926
2147    0.121071
2148    0.121403
2149    0.169514
2150    0.190713
2151    0.145319
2152    0.145444
2153    0.180501
2154    0.144257
2155    0.160540
2156    0.151594
2157    0.157671
2158    0.141592
2159    0.133952
2160    0.136693
2161    0.144974
2162    0.147415
2163    0.154871
2164    0.158740
2165    0.158955
2166    0.154454
2167    0.160386
2168    0.227337
2169    0.203953
2170    0.215392
2171    0.161984
2172    0.158150
2173    0.211421
2174    0.210582
2175    0.216612
2176    0.227284
2177    0.183618
2178    0.177792
2179    0.225282
2180    0.197960
2181    0.193876
2182    0.192499
2183    0.182602
2184    0.220113
2185    0.183858
2186    0.188250
2187    0.219827
2188    0.187225
2189    0.225606
2190    7.909036
2191    0.174566
2192    0.145151
2193    0.181319
2194    0.197095
2195    0.174688
2196    0.183456
2197    0.183127
2198    0.174666
2199    0.155177
2200    0.201018
2201    0.143493
2202    0.142596
2203    0.145815
2204    0.144781
2205    0.130373
2206    0.119466
2207    0.176156
2208    0.162644
2209    0.153559
2210    0.159780
2211    0.155169
2212    0.139037
2213    0.183064
2214    0.141006
2215    0.138868
2216    0.140056
2217    0.141144
2218    0.140812
2219    0.121070
2220    0.117985
2221    0.122215
2222    0.123127
2223    0.125093
2224    0.123797
2225    0.122835
2226    0.162312
2227    0.172887
2228    0.162607
2229    0.166126
2230    0.173954
2231    0.144400
2232    0.175159
2233    0.148643
2234    0.148220
2235    0.162142
2236    0.136617
2237    0.122070
2238    0.127186
2239    0.178101
2240    0.142085
2241    0.142926
2242    0.139356
2243    0.142613
2244    0.140504
2245    0.126229
2246    0.119331
2247    0.120512
2248    0.123541
2249    0.122384
2250    0.147681
2251    0.121085
2252    0.123258
2253    0.121872
2254    0.117729
2255    0.119138
2256    0.119251
2257    0.117035
2258    0.121919
2259    0.117866
2260    0.118207
2261    0.117808
2262    0.117033
2263    0.118717
2264    0.117802
2265    0.174780
2266    0.151743
2267    0.143735
2268    0.145153
2269    0.170302
2270    0.168725
2271    0.146860
2272    0.223703
2273    0.180689
2274    0.147055
2275    0.159776
2276    0.141492
2277    0.141480
2278    0.144349
2279    0.171685
2280    0.147689
2281    0.200000
2282    0.147656
2283    0.172911
2284    0.178179
2285    0.142472
2286    0.141394
2287    0.178352
2288    0.145801
2289    0.146606
2290    0.149561
2291    0.143487
2292    0.146218
2293    0.131391
2294    0.119408
2295    0.128269
2296    0.125642
2297    0.120958
2298    0.125645
2299    0.190354
2300    0.184220
2301    0.166798
2302    0.145116
2303    0.137973
2304    0.136521
2305    0.138052
2306    0.126443
2307    0.116190
2308    0.119686
2309    0.119222
2310    0.117086
2311    0.120548
2312    0.119012
2313    0.119363
2314    0.118407
2315    0.117861
2316    0.123983
2317    0.117903
2318    0.118870
2319    0.117835
2320    0.172955
2321    0.140735
2322    0.140067
2323    0.142005
2324    0.139753
2325    0.138960
2326    0.123088
2327    0.119880
2328    0.125315
2329    0.123488
2330    0.122490
2331    0.168899
2332    0.134312
2333    0.134630
2334    0.135085
2335    0.136088
2336    0.135387
2337    0.170030
2338    0.143777
2339    0.143375
2340    0.176340
2341    0.139144
2342    0.138197
2343    0.170885
2344    0.141352
2345    0.174789
2346    0.137930
2347    0.140580
2348    0.141127
2349    0.137119
2350    0.146198
2351    0.202726
2352    0.172354
2353    0.179389
2354    0.146180
2355    0.174883
2356    0.142160
2357    0.143516
2358    0.181649
2359    0.172896
2360    0.142683
2361    0.181564
2362    0.144529
2363    0.204780
2364    0.181517
2365    0.145449
2366    0.144183
2367    0.172438
2368    0.181869
2369    0.176656
2370    0.179193
2371    0.146952
2372    0.142802
2373    0.144176
2374    0.143430
2375    0.137663
2376    0.121352
2377    0.121649
2378    0.120413
2379    0.121957
2380    0.122016
2381    0.125683
2382    0.171757
2383    0.142173
2384    0.166406
2385    0.179520
2386    0.164335
2387    0.175940
2388    0.146727
2389    0.204210
2390    0.146253
2391    0.149629
2392    0.148613
2393    0.148542
2394    0.140127
2395    0.117391
2396    0.120733
2397    0.177533
2398    0.125082
2399    0.120562
2400    0.140615
2401    0.120018
2402    0.119504
2403    0.175810
2404    0.158550
2405    0.149125
2406    0.176188
2407    0.146998
2408    0.147967
2409    0.171286
2410    0.186551
2411    0.159626
2412    0.143957
2413    0.144545
2414    0.144670
2415    0.145202
2416    0.144151
2417    0.181424
2418    0.145261
2419    0.169203
2420    0.165222
2421    0.147796
2422    0.140516
2423    0.144781
2424    0.146819
2425    0.181696
2426    0.145721
2427    0.145826
2428    0.143250
2429    0.142646
2430    0.140107
2431    0.173304
2432    0.137601
2433    0.139885
2434    0.202561
2435    0.145410
2436    0.175915
2437    0.148504
2438    0.146727
2439    0.145739
2440    0.143698
2441    0.139553
2442    0.120601
2443    0.121074
2444    0.121883
2445    0.119932
2446    0.120129
2447    0.119782
2448    0.121813
2449    0.121335
2450    0.194968
2451    0.131484
2452    0.120537
2453    0.120573
2454    0.120228
2455    0.122057
2456    0.225928
2457    0.171123
2458    0.175982
2459    0.142475
2460    0.143052
2461    0.141931
2462    0.141749
2463    0.181264
2464    0.145289
2465    0.145019
2466    0.143900
2467    0.146188
2468    0.145152
2469    0.134573
2470    0.128596
2471    0.128593
2472    0.126643
2473    0.126132
2474    0.124097
2475    0.122330
2476    0.119335
2477    0.175716
2478    0.147188
2479    0.148286
2480    0.146446
2481    0.145751
2482    0.146035
2483    0.140214
2484    0.123067
2485    0.127273
2486    0.126179
2487    0.124613
2488    0.174809
2489    0.144767
2490    0.144275
2491    0.144140
2492    0.141449
2493    0.141811
2494    0.132478
2495    0.126993
2496    0.123953
2497    0.173603
2498    0.121138
2499    0.129169
2500    0.195035
2501    0.147847
2502    0.175921
2503    0.143091
2504    0.136085
2505    0.203203
2506    0.143661
2507    0.142705
2508    0.148585
2509    0.176533
2510    0.175307
2511    0.142370
2512    0.182924
2513    0.144814
2514    0.143129
2515    0.143434
2516    0.141701
2517    0.140794
2518    0.121115
2519    0.168203
2520    0.144771
2521    0.143399
2522    0.142533
2523    0.179147
2524    0.142144
2525    0.115113
2526    0.116627
2527    0.122375
2528    0.168526
2529    0.178321
2530    0.139401
2531    0.166769
2532    0.149900
2533    0.139545
2534    0.140016
2535    0.149718
2536    0.140384
2537    0.124949
2538    0.123722
2539    0.119961
2540    0.122778
2541    0.120536
2542    0.125251
2543    0.124958
2544    0.124425
2545    0.121888
2546    0.122557
2547    0.122309
2548    0.121770
2549    0.119457
2550    0.208969
2551    0.178634
2552    0.144928
2553    0.143035
2554    0.152564
2555    0.171737
2556    0.181043
2557    0.173703
2558    0.147181
2559    0.147673
2560    0.179626
2561    0.178356
2562    0.149605
2563    0.148800
2564    0.147720
2565    0.146635
2566    0.135677
2567    0.119425
2568    0.117586
2569    0.116916
2570    0.120661
2571    0.125127
2572    0.179054
2573    0.180830
2574    0.171921
2575    0.149945
2576    0.149898
2577    0.147912
2578    0.178066
2579    0.147928
2580    0.149063
2581    0.162514
2582    0.147736
2583    0.146065
2584    0.190723
2585    0.181691
2586    0.182321
2587    0.154253
2588    0.181106
2589    0.153214
2590    0.187782
2591    0.177378
2592    0.209222
2593    0.157167
2594    0.155276
2595    0.156449
2596    0.209790
2597    0.161604
2598    0.148141
2599    0.147434
2600    0.176162
2601    0.170379
2602    0.143365
2603    0.141746
2604    0.141931
2605    0.143854
2606    0.141823
2607    0.127346
2608    0.121934
2609    0.118622
2610    0.123523
2611    0.118079
2612    0.116102
2613    0.121103
2614    0.121588
2615    0.118307
2616    0.116719
2617    0.118953
2618    0.121466
2619    0.121068
2620    0.118635
2621    0.120695
2622    0.124384
2623    0.123490
2624    0.121224
2625    0.125319
2626    0.123117
2627    0.126964
2628    0.181561
2629    0.179322
2630    0.185644
2631    0.153296
2632    0.146736
2633    0.152136
2634    0.128628
2635    0.127208
2636    0.131198
2637    0.121913
2638    0.130847
2639    0.183606
2640    0.187142
2641    0.148813
2642    0.148071
2643    0.162414
2644    0.201442
2645    0.163152
2646    0.153281
2647    0.156517
2648    0.149065
2649    0.135003
2650    0.219713
2651    0.148677
2652    0.141988
2653    0.142845
2654    0.157024
2655    0.175543
2656    0.153926
2657    0.163067
2658    0.194197
2659    0.213309
2660    0.210597
2661    0.191774
2662    0.220337
2663    0.181931
2664    0.213332
2665    0.215659
2666    0.216981
2667    0.185043
2668    0.219884
2669    0.187009
2670    0.180389
2671    0.220958
2672    0.187796
2673    0.218854
2674    0.220592
2675    0.186465
2676    0.185630
2677    0.188122
2678    0.229751
2679    0.183141
2680    0.188059
2681    0.219154
2682    0.184769
2683    0.187025
2684    0.185884
2685    0.159542
2686    0.162844
2687    0.224199
2688    0.208709
2689    0.167023
2690    0.165964
2691    0.156642
2692    0.164324
2693    0.215186
2694    0.182448
2695    0.221949
2696    0.187978
2697    0.179728
2698    0.186293
2699    0.216032
2700    7.422899
2701    0.117833
2702    0.120181
2703    0.117516
2704    0.117915
2705    0.124361
2706    0.120828
2707    0.115946
2708    0.173383
2709    0.172488
2710    0.167508
2711    0.126515
2712    0.127587
2713    0.129099
2714    0.209307
2715    0.174880
2716    0.176587
2717    0.155723
2718    0.189332
2719    0.189952
2720    0.152758
2721    0.154100
2722    0.183271
2723    0.154698
2724    0.179623
2725    0.147774
2726    0.149081
2727    0.146496
2728    0.149786
2729    0.132069
2730    0.122866
2731    0.123932
2732    0.125954
2733    0.126323
2734    0.125105
2735    0.125005
2736    0.125982
2737    0.126101
2738    0.126124
2739    0.124356
2740    0.176772
2741    0.152739
2742    0.150167
2743    0.151126
2744    0.144162
2745    0.148756
2746    0.187232
2747    0.154025
2748    0.156250
2749    0.154208
2750    0.195534
2751    0.169741
2752    0.153506
2753    0.163881
2754    0.142044
2755    0.142178
2756    0.173148
2757    0.147961
2758    0.185267
2759    0.174851
2760    0.144288
2761    0.141751
2762    0.143394
2763    0.143381
2764    0.176416
2765    0.139157
2766    0.129567
2767    0.124788
2768    0.126149
2769    0.129612
2770    0.176356
2771    0.153365
2772    0.153485
2773    0.152172
2774    0.179330
2775    0.178884
2776    0.128379
2777    0.167982
2778    0.193845
2779    0.150581
2780    0.150224
2781    0.148483
2782    0.149538
2783    0.142116
2784    0.127586
2785    0.125287
2786    0.127733
2787    0.131129
2788    0.127099
2789    0.126434
2790    0.124662
2791    0.130633
2792    0.131916
2793    0.130778
2794    0.129476
2795    0.131320
2796    0.129109
2797    0.129737
2798    0.133699
2799    0.132010
2800    0.217145
2801    0.151643
2802    0.148359
2803    0.148892
2804    0.153018
2805    0.140857
2806    0.133673
2807    0.132935
2808    0.132463
2809    0.131844
2810    0.128950
2811    0.127334
2812    0.129311
2813    0.174198
2814    0.179955
2815    0.149352
2816    0.173734
2817    0.183766
2818    0.159613
2819    0.151374
2820    0.196115
2821    0.163573
2822    0.188059
2823    0.179061
2824    0.138611
2825    0.132112
2826    0.150185
2827    0.152829
2828    0.144791
2829    0.131169
2830    0.129674
2831    0.130979
2832    0.129609
2833    0.135141
2834    0.191618
2835    0.160550
2836    0.183371
2837    0.153896
2838    0.152690
2839    0.151139
2840    0.156761
2841    0.185681
2842    0.191143
2843    0.150397
2844    0.149427
2845    0.149545
2846    0.151336
2847    0.144973
2848    0.164620
2849    0.150252
2850    0.196754
2851    0.140400
2852    0.136695
2853    0.140812
2854    0.178819
2855    0.147840
2856    0.148299
2857    0.149063
2858    0.149538
2859    0.143884
2860    0.128398
2861    0.126374
2862    0.123056
2863    0.121389
2864    0.123966
2865    0.123919
2866    0.120896
2867    0.121607
2868    0.124373
2869    0.128632
2870    0.124262
2871    0.122356
2872    0.121891
2873    0.124393
2874    0.180695
2875    0.150481
2876    0.151884
2877    0.183106
2878    0.186030
2879    0.158312
2880    0.153530
2881    0.152455
2882    0.211244
2883    0.152822
2884    0.144192
2885    0.145226
2886    0.147524
2887    0.179461
2888    0.146103
2889    0.154045
2890    0.164589
2891    0.147698
2892    0.148610
2893    0.144500
2894    0.145521
2895    0.131224
2896    0.124973
2897    0.124760
2898    0.123322
2899    0.121707
2900    0.149902
2901    0.124429
2902    0.121065
2903    0.121438
2904    0.125637
2905    0.124657
2906    0.118729
2907    0.117599
2908    0.183868
2909    0.121408
2910    0.118427
2911    0.118978
2912    0.127192
2913    0.172073
2914    0.140606
2915    0.141279
2916    0.140190
2917    0.141458
2918    0.138673
2919    0.124517
2920    0.130332
2921    0.137521
2922    0.140747
2923    0.147570
2924    0.138911
2925    0.121295
2926    0.120703
2927    0.182335
2928    0.147479
2929    0.180704
2930    0.144827
2931    0.144817
2932    0.143267
2933    0.176330
2934    0.156458
2935    0.144416
2936    0.143714
2937    0.142457
2938    0.173263
2939    0.144974
2940    0.145548
2941    0.148338
2942    0.182173
2943    0.148207
2944    0.151184
2945    0.153411
2946    0.151870
2947    0.147674
2948    0.127986
2949    0.126944
2950    0.152137
2951    0.123279
2952    0.122233
2953    0.122912
2954    0.127020
2955    0.128220
2956    0.121787
2957    0.123441
2958    0.127275
2959    0.125595
2960    0.141833
2961    0.142937
2962    0.137883
2963    0.126221
2964    0.126711
2965    0.185153
2966    0.142873
2967    0.141898
2968    0.143716
2969    0.146026
2970    0.144523
2971    0.130696
2972    0.126757
2973    0.127207
2974    0.180969
2975    0.146108
2976    0.143634
2977    0.178542
2978    0.144254
2979    0.169557
2980    0.143254
2981    0.177492
2982    0.140437
2983    0.142029
2984    0.143155
2985    0.184419
2986    0.182376
2987    0.180923
2988    0.147576
2989    0.192216
2990    0.148610
2991    0.144790
2992    0.175616
2993    0.140743
2994    0.183504
2995    0.146930
2996    0.150856
2997    0.175200
2998    0.143344
2999    0.182219
3000    0.168856
3001    0.142544
3002    0.212482
3003    0.150868
3004    0.148946
3005    0.147486
3006    0.143687
3007    0.149830
3008    0.180545
3009    0.145917
3010    0.145043
3011    0.146925
3012    0.146968
3013    0.144066
3014    0.198178
3015    0.152721
3016    0.148168
3017    0.183616
3018    0.176990
3019    0.149586
3020    0.150793
3021    0.196537
3022    0.171274
3023    0.149498
3024    0.186964
3025    0.181474
3026    0.155517
3027    0.154216
3028    0.155116
3029    0.153069
3030    0.138801
3031    0.124093
3032    0.124637
3033    0.124320
3034    0.132630
3035    0.175855
3036    0.149325
3037    0.146749
3038    0.149470
3039    0.175888
3040    0.158414
3041    0.191397
3042    0.179981
3043    0.151186
3044    0.184608
3045    0.151737
3046    0.214426
3047    0.168954
3048    0.197390
3049    0.162670
3050    0.175179
3051    0.145751
3052    0.143907
3053    0.145945
3054    0.127201
3055    0.122521
3056    0.129859
3057    0.128488
3058    0.124538
3059    0.126910
3060    0.125670
3061    0.123450
3062    0.124613
3063    0.120277
3064    0.124672
3065    0.122434
3066    0.119560
3067    0.115290
3068    0.116135
3069    0.122371
3070    0.118457
3071    0.121578
3072    0.120264
3073    0.125820
3074    0.121053
3075    0.123255
