1    0.000138
2    0.000138
3    0.001054
4    0.001009
5    0.001380
6    0.001034
7    0.001212
8    0.001109
9    0.001005
10    0.001017
11    0.000933
12    0.001061
13    0.000726
14    0.000811
15    0.000754
16    0.000987
17    0.000780
18    0.000916
19    0.000897
20    0.000725
21    0.000792
22    0.000803
23    0.000838
24    0.001019
25    0.000367
26    0.000665
27    0.000608
28    0.000407
29    0.000478
30    0.000452
31    0.000444
32    0.000486
33    0.000615
34    0.000412
35    0.000684
36    0.000347
37    0.000454
38    0.000733
39    0.000544
40    0.000524
41    0.000490
42    0.000463
43    0.000439
44    0.000678
45    0.000366
46    0.000515
47    0.000574
48    0.000562
49    0.000458
50    0.000499
51    0.000654
52    0.000385
53    0.000672
54    0.000451
55    0.000489
56    0.000437
57    0.000521
58    0.000381
59    0.000492
60    0.000643
61    0.000392
62    0.000748
63    0.000506
64    0.000693
65    0.000610
66    0.000500
67    0.000447
68    0.000427
69    0.000428
70    0.000437
71    0.000651
72    0.000404
73    0.000407
74    0.000630
75    0.000484
76    0.000652
77    0.000404
78    0.000417
79    0.000455
80    0.000621
81    0.000426
82    0.000536
83    0.000489
84    0.000475
85    0.000632
86    0.000677
87    0.000603
88    0.000503
89    0.000514
90    0.000484
91    0.000590
92    0.000416
93    0.000473
94    0.000516
95    0.000434
96    0.000533
97    0.000559
98    0.000667
99    0.000699
100    0.000382
101    0.000578
102    0.000425
103    0.000483
104    0.000496
105    0.000417
106    0.000497
107    0.000482
108    0.000611
109    0.000728
110    0.000674
111    0.000640
112    0.000661
113    0.000613
114    0.000581
115    0.000541
116    0.000560
117    0.000446
118    0.000651
119    0.000742
120    0.000510
121    0.000662
122    0.000525
123    0.000694
124    0.000989
125    0.000786
126    0.000676
127    0.000710
128    0.000961
129    0.000692
130    0.000671
131    0.000669
132    0.000692
133    0.000679
134    0.000659
135    0.000666
136    0.000682
137    0.000664
138    0.000654
139    0.000658
140    0.000669
141    0.000624
142    0.000563
143    0.000491
144    0.000689
145    0.000650
146    0.000607
147    0.000660
148    0.000658
149    0.000823
150    0.742893
151    0.013868
152    0.034596
153    0.035511
154    0.036455
155    0.034724
156    0.034819
157    0.034894
158    0.034246
159    0.034799
160    0.033213
161    0.032302
162    0.032111
163    0.031890
164    0.033316
165    0.032826
166    0.032189
167    0.033677
168    0.032212
169    0.032407
170    0.033090
171    0.033791
172    0.032846
173    0.032562
174    0.032938
175    0.033704
176    0.032231
177    0.033942
178    0.034041
179    0.032974
180    0.032961
181    0.033357
182    0.033869
183    0.033480
184    0.033541
185    0.033453
186    0.033647
187    0.033342
188    0.033448
189    0.034575
190    0.034450
191    0.033111
192    0.033003
193    0.033131
194    0.033578
195    0.033513
196    0.033909
197    0.033100
198    0.032499
199    0.033632
200    0.040441
201    0.032864
202    0.032231
203    0.032097
204    0.032880
205    0.033584
206    0.033194
207    0.033032
208    0.034865
209    0.034083
210    0.033463
211    0.034314
212    0.033637
213    0.033888
214    0.033308
215    0.033713
216    0.033347
217    0.032660
218    0.033404
219    0.034210
220    0.034225
221    0.033279
222    0.034549
223    0.033305
224    0.032461
225    0.032941
226    0.032293
227    0.031925
228    0.032150
229    0.033307
230    0.032191
231    0.032828
232    0.032797
233    0.032638
234    0.032536
235    0.032402
236    0.032294
237    0.032516
238    0.033042
239    0.033161
240    0.033189
241    0.032164
242    0.033107
243    0.032927
244    0.032614
245    0.032720
246    0.033593
247    0.034094
248    0.040099
249    0.044285
250    0.049167
251    0.034944
252    0.032990
253    0.032301
254    0.032879
255    0.033355
256    0.033287
257    0.032892
258    0.032389
259    0.032725
260    0.031823
261    0.033984
262    0.039864
263    0.039665
264    0.039633
265    0.040521
266    0.040328
267    0.042081
268    0.041711
269    0.040553
270    0.040092
271    0.040128
272    0.040028
273    0.040478
274    0.039109
275    0.041771
276    0.042263
277    0.041264
278    0.039812
279    0.041402
280    0.039990
281    0.040112
282    0.039010
283    0.039466
284    0.039386
285    0.039014
286    0.039875
287    0.038804
288    0.038786
289    0.040658
290    0.039259
291    0.039479
292    0.039455
293    0.039495
294    0.039210
295    0.039857
296    0.038812
297    0.038722
298    0.039576
299    0.038723
300    0.046667
301    0.035571
302    0.033527
303    0.033568
304    0.033582
305    0.032153
306    0.033265
307    0.035037
308    0.032512
309    0.032933
310    0.033583
311    0.034227
312    0.042752
313    0.042547
314    0.043497
315    0.044816
316    0.042877
317    0.044343
318    0.041866
319    0.041987
320    0.042967
321    0.042006
322    0.043630
323    0.042976
324    0.041656
325    0.042229
326    0.043755
327    0.043732
328    0.042558
329    0.041948
330    0.043094
331    0.042943
332    0.042163
333    0.042712
334    0.041773
335    0.043200
336    0.043728
337    0.042600
338    0.042484
339    0.042108
340    0.043983
341    0.043364
342    0.042886
343    0.043441
344    0.044455
345    0.044341
346    0.044797
347    0.043341
348    0.042927
349    0.044591
350    0.048910
351    0.034269
352    0.034502
353    0.035054
354    0.034486
355    0.034589
356    0.034118
357    0.034317
358    0.034486
359    0.033291
360    0.033869
361    0.036101
362    0.042372
363    0.041228
364    0.041788
365    0.043349
366    0.043771
367    0.042813
368    0.042755
369    0.040957
370    0.043634
371    0.044170
372    0.042367
373    0.042079
374    0.044302
375    0.044001
376    0.042742
377    0.043149
378    0.043092
379    0.042412
380    0.041424
381    0.041522
382    0.041437
383    0.041263
384    0.040790
385    0.040950
386    0.041696
387    0.041344
388    0.041362
389    0.041712
390    0.043233
391    0.042501
392    0.041910
393    0.041587
394    0.041960
395    0.042081
396    0.040600
397    0.041092
398    0.042580
399    0.044584
400    0.046789
401    0.033955
402    0.035154
403    0.034679
404    0.034943
405    0.034869
406    0.034430
407    0.034180
408    0.033859
409    0.033620
410    0.034984
411    0.036697
412    0.041765
413    0.042013
414    0.043570
415    0.043618
416    0.043593
417    0.041794
418    0.042446
419    0.043482
420    0.044296
421    0.041901
422    0.042291
423    0.042201
424    0.048127
425    0.068396
426    0.053018
427    0.050883
428    0.050659
429    0.050957
430    0.048940
431    0.052716
432    0.048558
433    0.048525
434    0.049014
435    0.049675
436    0.048751
437    0.048991
438    0.048661
439    0.048210
440    0.044865
441    0.041268
442    0.042115
443    0.042951
444    0.043154
445    0.041624
446    0.040619
447    0.043244
448    0.041498
449    0.042181
450    0.047513
451    0.033042
452    0.033090
453    0.033619
454    0.035409
455    0.035818
456    0.035016
457    0.034479
458    0.034766
459    0.034794
460    0.036158
461    0.035494
462    0.042343
463    0.040518
464    0.042415
465    0.046446
466    0.042244
467    0.039813
468    0.039419
469    0.043519
470    0.042695
471    0.041498
472    0.039774
473    0.043392
474    0.044132
475    0.040805
476    0.042355
477    0.043629
478    0.043522
479    0.042898
480    0.040727
481    0.041266
482    0.040263
483    0.043415
484    0.044447
485    0.046290
486    0.041811
487    0.041767
488    0.043826
489    0.042303
490    0.040924
491    0.041378
492    0.041856
493    0.045057
494    0.042343
495    0.043822
496    0.043048
497    0.043498
498    0.043716
499    0.042119
500    0.048388
501    0.036212
502    0.033856
503    0.036162
504    0.035343
505    0.034637
506    0.034529
507    0.037024
508    0.036210
509    0.035745
510    0.036247
511    0.036551
512    0.043155
513    0.044874
514    0.044531
515    0.043260
516    0.043328
517    0.044565
518    0.044316
519    0.043123
520    0.041886
521    0.044204
522    0.042128
523    0.043954
524    0.042338
525    0.043071
526    0.041639
527    0.042068
528    0.042649
529    0.041305
530    0.042700
531    0.042234
532    0.044634
533    0.042779
534    0.042863
535    0.042371
536    0.043763
537    0.043224
538    0.041640
539    0.042250
540    0.042952
541    0.040479
542    0.039850
543    0.038605
544    0.038547
545    0.040854
546    0.040847
547    0.041326
548    0.041360
549    0.040284
550    0.045266
551    0.031493
552    0.031285
553    0.031925
554    0.032161
555    0.031868
556    0.033073
557    0.033141
558    0.032174
559    0.033950
560    0.033656
561    0.034210
562    0.040283
563    0.038750
564    0.039825
565    0.039763
566    0.039343
567    0.042900
568    0.042996
569    0.040882
570    0.041044
571    0.041081
572    0.041530
573    0.041755
574    0.041795
575    0.040801
576    0.040432
577    0.038866
578    0.039451
579    0.039542
580    0.039371
581    0.039654
582    0.039607
583    0.039248
584    0.043470
585    0.044208
586    0.042981
587    0.041641
588    0.042023
589    0.043048
590    0.040309
591    0.040708
592    0.046222
593    0.042492
594    0.040562
595    0.040793
596    0.043608
597    0.042461
598    0.043122
599    0.042756
600    0.047239
601    0.034088
602    0.031932
603    0.032901
604    0.032412
605    0.032256
606    0.033167
607    0.031671
608    0.032080
609    0.032659
610    0.034616
611    0.035182
612    0.042482
613    0.043177
614    0.043794
615    0.041922
616    0.042437
617    0.044262
618    0.047831
619    0.044822
620    0.044322
621    0.043120
622    0.043788
623    0.046751
624    0.044043
625    0.044257
626    0.044743
627    0.044721
628    0.043996
629    0.044996
630    0.043149
631    0.045163
632    0.046275
633    0.044775
634    0.044814
635    0.045104
636    0.044276
637    0.044386
638    0.043288
639    0.043335
640    0.046847
641    0.046008
642    0.045209
643    0.044978
644    0.047090
645    0.047728
646    0.045765
647    0.045671
648    0.045247
649    0.046175
650    0.051285
651    0.035665
652    0.035438
653    0.035375
654    0.036015
655    0.036305
656    0.039228
657    0.036519
658    0.036916
659    0.036676
660    1.992470
661    0.035379
662    0.036049
663    0.035125
664    0.034199
665    0.036372
666    0.038730
667    0.038609
668    0.036830
669    0.036483
670    0.036904
671    0.037461
672    0.036804
673    0.036650
674    0.035999
675    0.036103
676    0.036351
677    0.036960
678    0.036788
679    0.038499
680    0.036908
681    0.036240
682    0.038221
683    0.038520
684    0.038271
685    0.037163
686    0.037796
687    0.038327
688    0.039273
689    0.038098
690    0.037709
691    0.037987
692    0.039722
693    0.041508
694    0.038647
695    0.038746
696    0.037575
697    0.040379
698    0.040979
699    0.039709
700    0.048415
701    0.036431
702    0.036304
703    0.036426
704    0.036666
705    0.037052
706    0.036454
707    0.036623
708    0.037920
709    0.037765
710    0.037480
711    0.037062
712    0.037854
713    0.037836
714    0.037780
715    0.037864
716    0.037501
717    0.038918
718    0.039077
719    0.038617
720    0.037156
721    0.038251
722    0.037577
723    0.037867
724    0.037757
725    0.037992
726    0.038625
727    0.036936
728    0.037326
729    0.037214
730    0.036757
731    0.037600
732    0.035804
733    0.036946
734    0.035372
735    0.037315
736    0.036795
737    0.038926
738    0.036829
739    0.037553
740    0.037060
741    0.036770
742    0.036014
743    0.036173
744    0.036306
745    0.041197
746    0.065402
747    0.062404
748    0.050205
749    0.045459
750    0.054537
751    0.043082
752    0.043126
753    0.042680
754    0.043865
755    0.043965
756    0.043588
757    0.043832
758    0.043280
759    0.044341
760    0.044365
761    0.043369
762    0.044498
763    0.041037
764    0.038233
765    0.036296
766    0.036261
767    0.038576
768    0.056158
769    0.060594
770    0.047176
771    0.041967
772    0.042620
773    0.042600
774    0.042489
775    0.042628
776    0.043636
777    0.043001
778    0.041983
779    0.042548
780    0.042201
781    0.043163
782    0.041567
783    0.042728
784    0.042810
785    0.041597
786    0.038529
787    0.036442
788    0.036536
789    0.036249
790    0.047333
791    0.037280
792    0.036525
793    0.038293
794    0.036853
795    0.037064
796    0.036097
797    0.034700
798    0.035117
799    0.033652
800    0.040745
801    0.033394
802    0.038306
803    0.035556
804    0.034309
805    0.036730
806    0.035918
807    0.036851
808    0.035884
809    0.034894
810    0.034958
811    0.034488
812    0.034163
813    0.036310
814    0.034649
815    0.035326
816    0.034665
817    0.035543
818    0.037168
819    0.037358
820    0.033737
821    0.036715
822    0.043226
823    0.043326
824    0.043140
825    0.042990
826    0.042417
827    0.043556
828    0.042877
829    0.044229
830    0.040673
831    0.037213
832    0.036214
833    0.034799
834    0.036072
835    0.036195
836    0.035968
837    0.037475
838    0.036061
839    0.036711
840    0.037265
841    0.035471
842    0.036322
843    0.036401
844    0.037676
845    0.037575
846    0.039020
847    0.037083
848    0.037213
849    0.037289
850    0.044862
851    0.036196
852    0.035924
853    0.036229
854    0.036166
855    0.036413
856    0.036314
857    0.036427
858    0.036287
859    0.035820
860    0.037723
861    0.037712
862    0.037509
863    0.036545
864    0.037246
865    0.037855
866    0.038429
867    0.037429
868    0.037022
869    0.036615
870    0.037699
871    0.039319
872    0.037359
873    0.036128
874    0.036139
875    0.035817
876    0.038283
877    0.036555
878    0.035827
879    0.037848
880    0.036600
881    0.035477
882    0.036550
883    0.036900
884    0.035652
885    0.037017
886    0.036643
887    0.037799
888    0.037272
889    0.038124
890    0.037127
891    0.037296
892    0.036933
893    0.038240
894    0.037262
895    0.036586
896    0.036560
897    0.038464
898    0.038766
899    0.037111
900    0.044012
901    0.036126
902    0.037341
903    0.037392
904    0.037682
905    0.038247
906    0.037345
907    0.037343
908    0.035864
909    0.035154
910    0.035445
911    0.035331
912    0.035560
913    0.035618
914    0.035244
915    0.035606
916    0.036844
917    0.038174
918    0.037069
919    0.036590
920    0.035883
921    0.035659
922    0.035038
923    0.036923
924    0.037236
925    0.038605
926    0.037503
927    0.037666
928    0.035952
929    0.037070
930    0.038101
931    0.036879
932    0.036863
933    0.036685
934    0.036611
935    0.036572
936    0.036645
937    0.037296
938    0.037848
939    0.036022
940    0.037906
941    0.038398
942    0.035973
943    0.037691
944    0.036028
945    0.036634
946    0.036351
947    0.036304
948    0.036637
949    0.036006
950    0.043518
951    0.038110
952    0.039076
953    0.037422
954    0.037192
955    0.036747
956    0.037701
957    0.038342
958    0.037070
959    0.037343
960    0.037526
961    0.037005
962    0.037817
963    0.038457
964    0.037768
965    0.036814
966    0.038268
967    0.038502
968    0.037967
969    0.038291
970    0.038163
971    0.037015
972    0.036857
973    0.038688
974    0.036167
975    0.037595
976    0.037046
977    0.037160
978    0.039348
979    0.037371
980    0.036250
981    0.035435
982    0.035574
983    0.036563
984    0.035721
985    0.036122
986    0.035908
987    0.036026
988    0.036219
989    0.036638
990    0.036168
991    0.036198
992    0.036070
993    0.036005
994    0.036339
995    0.036594
996    0.035697
997    0.036423
998    0.036368
999    0.035826
1000    0.044623
1001    0.036650
1002    0.037426
1003    0.036631
1004    0.036863
1005    0.038666
1006    0.037472
1007    0.036130
1008    0.036511
1009    0.035629
1010    0.037185
1011    0.037166
1012    0.036707
1013    0.037097
1014    0.036391
1015    0.036284
1016    0.037192
1017    0.036415
1018    0.036146
1019    0.035847
1020    0.036489
1021    0.035856
1022    0.036722
1023    0.036518
1024    0.037664
1025    0.035660
1026    0.035479
1027    0.036414
1028    0.036168
1029    0.035649
1030    0.036061
1031    0.037560
1032    0.039577
1033    0.038738
1034    0.036917
1035    0.036754
1036    0.036209
1037    0.037997
1038    0.037734
1039    0.036145
1040    0.035686
1041    0.035644
1042    0.035332
1043    0.035868
1044    0.034854
1045    0.035578
1046    0.034701
1047    0.034134
1048    0.034583
1049    0.034031
1050    0.051595
1051    0.073549
1052    0.046012
1053    0.038565
1054    0.036975
1055    0.037103
1056    0.038080
1057    0.036845
1058    0.041566
1059    0.040888
1060    0.039066
1061    0.039273
1062    0.040935
1063    0.039036
1064    0.041064
1065    0.038635
1066    0.039159
1067    0.037594
1068    0.038795
1069    0.040663
1070    0.039044
1071    0.040875
1072    0.040011
1073    0.039073
1074    0.043265
1075    0.075320
1076    0.057727
1077    0.049679
1078    0.050147
1079    0.049909
1080    0.049225
1081    0.050288
1082    0.049086
1083    0.050189
1084    0.070789
1085    0.086579
1086    0.067967
1087    0.053788
1088    0.048831
1089    0.047398
1090    0.049014
1091    0.048634
1092    0.048729
1093    0.049446
1094    0.049240
1095    0.049400
1096    0.049948
1097    0.049756
1098    0.075948
1099    0.057871
1100    0.060111
1101    0.047838
1102    0.047530
1103    0.048032
1104    0.047324
1105    0.047234
1106    0.047116
1107    0.047884
1108    0.047987
1109    0.073264
1110    0.055754
1111    0.049317
1112    0.049065
1113    0.048965
1114    0.049631
1115    0.049581
1116    0.049234
1117    0.055578
1118    0.069933
1119    0.057159
1120    0.048756
1121    0.045854
1122    0.046602
1123    0.046333
1124    0.075865
1125    0.056207
1126    0.046126
1127    0.045741
1128    0.049154
1129    0.045923
1130    0.046629
1131    0.046187
1132    0.047402
1133    0.048428
1134    0.069520
1135    0.054809
1136    0.047202
1137    0.051388
1138    0.049385
1139    0.051761
1140    0.066728
1141    0.081463
1142    0.060612
1143    0.075256
1144    0.056851
1145    0.049565
1146    0.052434
1147    0.058412
1148    0.058727
1149    0.057367
1150    0.066645
1151    0.048138
1152    0.047888
1153    0.047935
1154    0.048060
1155    0.047890
1156    0.048520
1157    0.049971
1158    0.073942
1159    0.056986
1160    0.048703
1161    0.051335
1162    0.058371
1163    0.057463
1164    0.058287
1165    0.057802
1166    0.059353
1167    0.058116
1168    0.058711
1169    0.058782
1170    2.104111
1171    0.076549
1172    0.057633
1173    0.050002
1174    0.050079
1175    0.049930
1176    0.050318
1177    0.054546
1178    0.049487
1179    0.049402
1180    0.048871
1181    0.049105
1182    0.048760
1183    0.050137
1184    0.048780
1185    0.049606
1186    0.047500
1187    0.047799
1188    0.046613
1189    0.046361
1190    0.043086
1191    0.041853
1192    0.040058
1193    0.041643
1194    0.044300
1195    0.042060
1196    0.042008
1197    0.042568
1198    0.042120
1199    0.041084
1200    0.047015
1201    0.037994
1202    0.039075
1203    0.038353
1204    0.038234
1205    0.037486
1206    0.037402
1207    0.038444
1208    0.038024
1209    0.041309
1210    0.040173
1211    0.040779
1212    0.040714
1213    0.039528
1214    0.040127
1215    0.041011
1216    0.074812
1217    0.056844
1218    0.048543
1219    0.046560
1220    0.048189
1221    0.047425
1222    0.047532
1223    0.046336
1224    0.044494
1225    0.045194
1226    0.045661
1227    0.044644
1228    0.045661
1229    0.044940
1230    0.044641
1231    0.046053
1232    0.044390
1233    0.042205
1234    0.039415
1235    0.038888
1236    0.040633
1237    0.074392
1238    0.055603
1239    0.048490
1240    0.048052
1241    0.048064
1242    0.048173
1243    0.048286
1244    0.045620
1245    0.046710
1246    0.046056
1247    0.046875
1248    0.047459
1249    0.047322
1250    0.055630
1251    0.045010
1252    0.045836
1253    0.068261
1254    0.052351
1255    0.046584
1256    0.045621
1257    0.046616
1258    0.047192
1259    0.049516
1260    0.047975
1261    0.046820
1262    0.046886
1263    0.047970
1264    0.047818
1265    0.046944
1266    0.047201
1267    0.065813
1268    0.065482
1269    0.052556
1270    0.048569
1271    0.048589
1272    0.075751
1273    0.064010
1274    0.050237
1275    0.046521
1276    0.046750
1277    0.046353
1278    0.047236
1279    0.076712
1280    0.062417
1281    0.050534
1282    0.049130
1283    0.049297
1284    0.048898
1285    0.048962
1286    0.050568
1287    0.050052
1288    0.049045
1289    0.048791
1290    0.048294
1291    0.049865
1292    0.048602
1293    0.049879
1294    0.048736
1295    0.047481
1296    0.062021
1297    0.051302
1298    0.049274
1299    0.050196
1300    0.058994
1301    0.047900
1302    0.047592
1303    0.048398
1304    0.049168
1305    0.048366
1306    0.048226
1307    0.049240
1308    0.045152
1309    0.042294
1310    0.039689
1311    0.039905
1312    0.039997
1313    0.039699
1314    0.040911
1315    0.039148
1316    0.039943
1317    0.039502
1318    0.039547
1319    0.043500
1320    0.043204
1321    0.040406
1322    0.039317
1323    0.038881
1324    0.039687
1325    0.041459
1326    0.040969
1327    0.041002
1328    0.040303
1329    0.040738
1330    0.040674
1331    0.040476
1332    0.041221
1333    0.039855
1334    0.039891
1335    0.040659
1336    0.040835
1337    0.041450
1338    0.039872
1339    0.040371
1340    0.049892
1341    0.047275
1342    0.041474
1343    0.042741
1344    0.042828
1345    0.041455
1346    0.044178
1347    0.043102
1348    0.041753
1349    0.042900
1350    0.048975
1351    0.041745
1352    0.071946
1353    0.054940
1354    0.049703
1355    0.049110
1356    0.048832
1357    0.049372
1358    0.049470
1359    0.050387
1360    0.049727
1361    0.051083
1362    0.049823
1363    0.049673
1364    0.051177
1365    0.080852
1366    0.059136
1367    0.050873
1368    0.048934
1369    0.049589
1370    0.050699
1371    0.079739
1372    0.058382
1373    0.052826
1374    0.079142
1375    0.058297
1376    0.051108
1377    0.049272
1378    0.051820
1379    0.049964
1380    0.050598
1381    0.050024
1382    0.051058
1383    0.050688
1384    0.050347
1385    0.050235
1386    0.050599
1387    0.050478
1388    0.050495
1389    0.047145
1390    0.079625
1391    0.080581
1392    0.059307
1393    0.080335
1394    0.058084
1395    0.051593
1396    0.050216
1397    0.050561
1398    0.050644
1399    0.050724
1400    0.059465
1401    0.049424
1402    0.049641
1403    0.049650
1404    0.049360
1405    0.048149
1406    0.048824
1407    0.047599
1408    0.047138
1409    0.042567
1410    0.041021
1411    0.040247
1412    0.040670
1413    0.039679
1414    0.040327
1415    0.040729
1416    0.041043
1417    0.077628
1418    0.056181
1419    0.049820
1420    0.049474
1421    0.048533
1422    0.049645
1423    0.048684
1424    0.049605
1425    0.050239
1426    0.049189
1427    0.048869
1428    0.049799
1429    0.049234
1430    0.050250
1431    0.050068
1432    0.047669
1433    0.042233
1434    0.041338
1435    0.042855
1436    0.043047
1437    0.042419
1438    0.042643
1439    0.041826
1440    0.043038
1441    0.045442
1442    0.045202
1443    0.044758
1444    0.041788
1445    0.043339
1446    0.042878
1447    0.042554
1448    0.042026
1449    0.043027
1450    0.049583
1451    0.043801
1452    0.041753
1453    0.042270
1454    0.042596
1455    0.042213
1456    0.042110
1457    0.041871
1458    0.043871
1459    0.077136
1460    0.056799
1461    0.048201
1462    0.049106
1463    0.049165
1464    0.048021
1465    0.048271
1466    0.048886
1467    0.048901
1468    0.049518
1469    0.077963
1470    0.059022
1471    0.050133
1472    0.049744
1473    0.050350
1474    0.050897
1475    0.049864
1476    0.050255
1477    0.050479
1478    0.051079
1479    0.050117
1480    0.050953
1481    0.049975
1482    0.052181
1483    0.050416
1484    0.050060
1485    0.045607
1486    0.043300
1487    0.045093
1488    0.044271
1489    0.046317
1490    0.043851
1491    0.043491
1492    0.043105
1493    0.043663
1494    0.043407
1495    0.044194
1496    0.043397
1497    0.042543
1498    0.042865
1499    0.043761
1500    0.051650
1501    0.042234
1502    0.042992
1503    0.041536
1504    0.044197
1505    0.043469
1506    0.042291
1507    0.042943
1508    0.043620
1509    0.044046
1510    0.042599
1511    0.041995
1512    0.042512
1513    0.042049
1514    0.042198
1515    0.040426
1516    0.041757
1517    0.041555
1518    0.040005
1519    0.041200
1520    0.040717
1521    0.041532
1522    0.041462
1523    0.043703
1524    0.044689
1525    0.043752
1526    0.043004
1527    0.043428
1528    0.044828
1529    0.044863
1530    0.046493
1531    0.045227
1532    0.043748
1533    0.042696
1534    0.045975
1535    0.045144
1536    0.043575
1537    0.044512
1538    0.045815
1539    0.043185
1540    0.044089
1541    0.043649
1542    0.042990
1543    0.043370
1544    0.044543
1545    0.044272
1546    0.043922
1547    0.044878
1548    0.045085
1549    0.044344
1550    0.051986
1551    0.045243
1552    0.045290
1553    0.043309
1554    0.044640
1555    0.042774
1556    0.043195
1557    0.044707
1558    0.043937
1559    0.042261
1560    0.042852
1561    0.042501
1562    0.042583
1563    0.041766
1564    0.040891
1565    0.043516
1566    0.042385
1567    0.041774
1568    0.042388
1569    0.041549
1570    0.044506
1571    0.044128
1572    0.042287
1573    0.041950
1574    0.042394
1575    0.043765
1576    0.043685
1577    0.041258
1578    0.041660
1579    0.040976
1580    0.040703
1581    0.041014
1582    0.044459
1583    0.041995
1584    0.041584
1585    0.041265
1586    0.041402
1587    0.040906
1588    0.040368
1589    0.041042
1590    0.040043
1591    0.040697
1592    0.040452
1593    0.040793
1594    0.041826
1595    0.041893
1596    0.042167
1597    0.040970
1598    0.041049
1599    0.042473
1600    0.088802
1601    0.061189
1602    0.050454
1603    0.048709
1604    0.049433
1605    0.049405
1606    0.049405
1607    0.048065
1608    0.048056
1609    0.048544
1610    0.047745
1611    0.049294
1612    0.047999
1613    0.048872
1614    0.048492
1615    0.048070
1616    0.043452
1617    0.040500
1618    0.039039
1619    0.038621
1620    0.041358
1621    0.041875
1622    0.040428
1623    0.039397
1624    0.040012
1625    0.039236
1626    0.039098
1627    0.039433
1628    0.039131
1629    0.041069
1630    0.040971
1631    0.040884
1632    0.040646
1633    0.039956
1634    0.039499
1635    0.040816
1636    0.040311
1637    0.040051
1638    0.039849
1639    0.041728
1640    0.043238
1641    0.043513
1642    0.039750
1643    0.041011
1644    0.041528
1645    0.044409
1646    0.042447
1647    0.041876
1648    0.042002
1649    0.044365
1650    0.053990
1651    0.040456
1652    0.041781
1653    0.040475
1654    0.041901
1655    0.041211
1656    0.040599
1657    0.040936
1658    0.040094
1659    0.040245
1660    0.041131
1661    0.041124
1662    0.041325
1663    0.042000
1664    0.043382
1665    0.044769
1666    0.050567
1667    0.051710
1668    0.053971
1669    0.050179
1670    0.050690
1671    0.049948
1672    0.051717
1673    0.050083
1674    0.049986
1675    0.049478
1676    0.051044
1677    0.050397
1678    0.050178
1679    0.050374
1680    1.960098
1681    0.040740
1682    0.039974
1683    0.040835
1684    0.040462
1685    0.041011
1686    0.041304
1687    0.042454
1688    0.040572
1689    0.041637
1690    0.041115
1691    0.044296
1692    0.043211
1693    0.041753
1694    0.040754
1695    0.041558
1696    0.041267
1697    0.040961
1698    0.043628
1699    0.042705
1700    0.053129
1701    0.042628
1702    0.041869
1703    0.043188
1704    0.043390
1705    0.043100
1706    0.043589
1707    0.043730
1708    0.043247
1709    0.042783
1710    0.041501
1711    0.042408
1712    0.041372
1713    0.042620
1714    0.042586
1715    0.044825
1716    0.045321
1717    0.044786
1718    0.042951
1719    0.043088
1720    0.045323
1721    0.044372
1722    0.044857
1723    0.043535
1724    0.045867
1725    0.045188
1726    0.044936
1727    0.043099
1728    0.042318
1729    0.043148
1730    0.043749
1731    0.042234
1732    0.044299
1733    0.044348
1734    0.044670
1735    0.044642
1736    0.043738
1737    0.044589
1738    0.046922
1739    0.045307
1740    0.045518
1741    0.046542
1742    0.044818
1743    0.047071
1744    0.045401
1745    0.043329
1746    0.044461
1747    0.045920
1748    0.044909
1749    0.045429
1750    0.053674
1751    0.042927
1752    0.042355
1753    0.043580
1754    0.043558
1755    0.043874
1756    0.044827
1757    0.045277
1758    0.043735
1759    0.044013
1760    0.042859
1761    0.047054
1762    0.042036
1763    0.042211
1764    0.043159
1765    0.042953
1766    0.044128
1767    0.043962
1768    0.042586
1769    0.045580
1770    0.044865
1771    0.043936
1772    0.044029
1773    0.044507
1774    0.043547
1775    0.044272
1776    0.043401
1777    0.043925
1778    0.044667
1779    0.043546
1780    0.044358
1781    0.042440
1782    0.043713
1783    0.043617
1784    0.045513
1785    0.074868
1786    0.057287
1787    0.050506
1788    0.072358
1789    0.066391
1790    0.052532
1791    0.046766
1792    0.043584
1793    0.043944
1794    0.044679
1795    0.043971
1796    0.042702
1797    0.043420
1798    0.043539
1799    0.043714
1800    0.051380
1801    0.042261
1802    0.041753
1803    0.041821
1804    0.044116
1805    0.044971
1806    0.046268
1807    0.044603
1808    0.044946
1809    0.045768
1810    0.044189
1811    0.043558
1812    0.044901
1813    0.044874
1814    0.043801
1815    0.044167
1816    0.043744
1817    0.042633
1818    0.042891
1819    0.043543
1820    0.042176
1821    0.042461
1822    0.044613
1823    0.046137
1824    0.044273
1825    0.044821
1826    0.044497
1827    0.047273
1828    0.043525
1829    0.042395
1830    0.043864
1831    0.043351
1832    0.042838
1833    0.043593
1834    0.043070
1835    0.043719
1836    0.043204
1837    0.043860
1838    0.041691
1839    0.042105
1840    0.042235
1841    0.042727
1842    0.044342
1843    0.044947
1844    0.043497
1845    0.045909
1846    0.044090
1847    0.043374
1848    0.044146
1849    0.043848
1850    0.056494
1851    0.045461
1852    0.041844
1853    0.043113
1854    0.042468
1855    0.043781
1856    0.042944
1857    0.042726
1858    0.043218
1859    0.043060
1860    0.043057
1861    0.043287
1862    0.041673
1863    0.042203
1864    0.043080
1865    0.042000
1866    0.041193
1867    0.041530
1868    0.040709
1869    0.043438
1870    0.042039
1871    0.042639
1872    0.043654
1873    0.044521
1874    0.043785
1875    0.043134
1876    0.043267
1877    0.042090
1878    0.041812
1879    0.041784
1880    0.043500
1881    0.043803
1882    0.043542
1883    0.043676
1884    0.044917
1885    0.045135
1886    0.043877
1887    0.043539
1888    0.044298
1889    0.044120
1890    0.043836
1891    0.043820
1892    0.044337
1893    0.043215
1894    0.041719
1895    0.042527
1896    0.043590
1897    0.044201
1898    0.043109
1899    0.076548
1900    0.072426
1901    0.050612
1902    0.049990
1903    0.051077
1904    0.049999
1905    0.049037
1906    0.049848
1907    0.051125
1908    0.080938
1909    0.061200
1910    0.052241
1911    0.052128
1912    0.050873
1913    0.050229
1914    0.050584
1915    0.050889
1916    0.050807
1917    0.050761
1918    0.050079
1919    0.051663
1920    0.050463
1921    0.051567
1922    0.051239
1923    0.046198
1924    0.044070
1925    0.042152
1926    0.041502
1927    0.041891
1928    0.042443
1929    0.044224
1930    0.043545
1931    0.043901
1932    0.044276
1933    0.045102
1934    0.045033
1935    0.044224
1936    0.043659
1937    0.044902
1938    0.047106
1939    0.045593
1940    0.044546
1941    0.044577
1942    0.045475
1943    0.045283
1944    0.046714
1945    0.044189
1946    0.045258
1947    0.044604
1948    0.044996
1949    0.045513
1950    0.051674
1951    0.044802
1952    0.043414
1953    0.043663
1954    0.042608
1955    0.044276
1956    0.045686
1957    0.043227
1958    0.044493
1959    0.044713
1960    0.046768
1961    0.045538
1962    0.045273
1963    0.044647
1964    0.042960
1965    0.046837
1966    0.044051
1967    0.044416
1968    0.044050
1969    0.042974
1970    0.044430
1971    0.043572
1972    0.044609
1973    0.044564
1974    0.043672
1975    0.044014
1976    0.043441
1977    0.042483
1978    0.043380
1979    0.045211
1980    0.044546
1981    0.043578
1982    0.044005
1983    0.045659
1984    0.046896
1985    0.044226
1986    0.042687
1987    0.044550
1988    0.046352
1989    0.043495
1990    0.043985
1991    0.042942
1992    0.043052
1993    0.043873
1994    0.043316
1995    0.044754
1996    0.043441
1997    0.043717
1998    0.043933
1999    0.043821
2000    0.051822
2001    0.043744
2002    0.044673
2003    0.042771
2004    0.042943
2005    0.043174
2006    0.046279
2007    0.045500
2008    0.052349
2009    0.073859
2010    0.057008
2011    0.048780
2012    0.050442
2013    0.049097
2014    0.049494
2015    0.049614
2016    0.050438
2017    0.050252
2018    0.049907
2019    0.049519
2020    0.049799
2021    0.049979
2022    0.049583
2023    0.049001
2024    0.047169
2025    0.042403
2026    0.042291
2027    0.058913
2028    0.066523
2029    0.052831
2030    0.051766
2031    0.051489
2032    0.051013
2033    0.050844
2034    0.052619
2035    0.052443
2036    0.051511
2037    0.052820
2038    0.054543
2039    0.052448
2040    0.052893
2041    0.051402
2042    0.050544
2043    0.045963
2044    0.044527
2045    0.044397
2046    0.046906
2047    0.044629
2048    0.043312
2049    0.044264
2050    0.052592
2051    0.047606
2052    0.044122
2053    0.044585
2054    0.046958
2055    0.047352
2056    0.044179
2057    0.044255
2058    0.043430
2059    0.043912
2060    0.046037
2061    0.043799
2062    0.044691
2063    0.044186
2064    0.047366
2065    0.045964
2066    0.044679
2067    0.045405
2068    0.048727
2069    0.048654
2070    0.043746
2071    0.044285
2072    0.042627
2073    0.046794
2074    0.046283
2075    0.044603
2076    0.045089
2077    0.046643
2078    0.043829
2079    0.044831
2080    0.043496
2081    0.042193
2082    0.043698
2083    0.043641
2084    0.042942
2085    0.042889
2086    0.044292
2087    0.045971
2088    0.043036
2089    0.044034
2090    0.041943
2091    0.044610
2092    0.045066
2093    0.044301
2094    0.043038
2095    0.043525
2096    0.045103
2097    0.042096
2098    0.044692
2099    0.047005
2100    0.050608
2101    0.042486
2102    0.043093
2103    0.042645
2104    0.041848
2105    0.043070
2106    0.041632
2107    0.040967
2108    0.074537
2109    0.062603
2110    0.052299
2111    0.050266
2112    0.050579
2113    0.052711
2114    0.051587
2115    0.079323
2116    0.059272
2117    0.050990
2118    0.050528
2119    0.050166
2120    0.050869
2121    0.049765
2122    0.051049
2123    0.051818
2124    0.051283
2125    0.051170
2126    0.051631
2127    0.049593
2128    0.045046
2129    0.042635
2130    0.042561
2131    0.041575
2132    0.044774
2133    0.045164
2134    0.043923
2135    0.043411
2136    0.042796
2137    0.043807
2138    0.042606
2139    0.043847
2140    0.043229
2141    0.042415
2142    0.042562
2143    0.043791
2144    0.042960
2145    0.042664
2146    0.043911
2147    0.042160
2148    0.042363
2149    0.043908
2150    0.050319
2151    0.043218
2152    0.042222
2153    0.041658
2154    0.042131
2155    0.043995
2156    0.043641
2157    0.043182
2158    0.041519
2159    0.042063
2160    0.042559
2161    0.041863
2162    0.041945
2163    0.043299
2164    0.043532
2165    0.042357
2166    0.043264
2167    0.043290
2168    0.042804
2169    0.042728
2170    0.048619
2171    0.049211
2172    0.049400
2173    0.049249
2174    0.050272
2175    0.050268
2176    0.048974
2177    0.049225
2178    0.053186
2179    0.050373
2180    0.049748
2181    0.050918
2182    0.047911
2183    0.049541
2184    0.049552
2185    0.049301
2186    0.050021
2187    0.047956
2188    0.048016
2189    0.049582
2190    1.942419
2191    0.076860
2192    0.057160
2193    0.050658
2194    0.063397
2195    0.070418
2196    0.053575
2197    0.079941
2198    0.059627
2199    0.052258
2200    0.060170
2201    0.049273
2202    0.050467
2203    0.049461
2204    0.049944
2205    0.050417
2206    0.049524
2207    0.050352
2208    0.050175
2209    0.049624
2210    0.049715
2211    0.044152
2212    0.043923
2213    0.043207
2214    0.042023
2215    0.043847
2216    0.041603
2217    0.042095
2218    0.041876
2219    0.044506
2220    0.044746
2221    0.044518
2222    0.041648
2223    0.044312
2224    0.043173
2225    0.042946
2226    0.042928
2227    0.042201
2228    0.043417
2229    0.043238
2230    0.043589
2231    0.042249
2232    0.042973
2233    0.043461
2234    0.043959
2235    0.042593
2236    0.040633
2237    0.041608
2238    0.042272
2239    0.040892
2240    0.040688
2241    0.040799
2242    0.043865
2243    0.044917
2244    0.045163
2245    0.042388
2246    0.043595
2247    0.044663
2248    0.042682
2249    0.042835
2250    0.050310
2251    0.041718
2252    0.041264
2253    0.041394
2254    0.040382
2255    0.041484
2256    0.043933
2257    0.041988
2258    0.041687
2259    0.041697
2260    0.040795
2261    0.043120
2262    0.042426
2263    0.041515
2264    0.041713
2265    0.042203
2266    0.044562
2267    0.042443
2268    0.042375
2269    0.041970
2270    0.041453
2271    0.044129
2272    0.041949
2273    0.042247
2274    0.042808
2275    0.040611
2276    0.041973
2277    0.041099
2278    0.040252
2279    0.042231
2280    0.043513
2281    0.042640
2282    0.043110
2283    0.042965
2284    0.042646
2285    0.041701
2286    0.041652
2287    0.041400
2288    0.041082
2289    0.042376
2290    0.044066
2291    0.042582
2292    0.042949
2293    0.042475
2294    0.045795
2295    0.043009
2296    0.041935
2297    0.043189
2298    0.042852
2299    0.044155
2300    0.051011
2301    0.041693
2302    0.041696
2303    0.042225
2304    0.041826
2305    0.041866
2306    0.043052
2307    0.041329
2308    0.045132
2309    0.042651
2310    0.041848
2311    0.041654
2312    0.041666
2313    0.045415
2314    0.042711
2315    0.041883
2316    0.041387
2317    0.043148
2318    0.041105
2319    0.041534
2320    0.042716
2321    0.043072
2322    0.043467
2323    0.041855
2324    0.043027
2325    0.043346
2326    0.043611
2327    0.044487
2328    0.042904
2329    0.043555
2330    0.043545
2331    0.044049
2332    0.045051
2333    0.044583
2334    0.044372
2335    0.044794
2336    0.043483
2337    0.041732
2338    0.042922
2339    0.040664
2340    0.042068
2341    0.041293
2342    0.042191
2343    0.043179
2344    0.041692
2345    0.042770
2346    0.042319
2347    0.043665
2348    0.040961
2349    0.042227
2350    0.050864
2351    0.041544
2352    0.040573
2353    0.041181
2354    0.040873
2355    0.040448
2356    0.039727
2357    0.040368
2358    0.039864
2359    0.042878
2360    0.043306
2361    0.041230
2362    0.041949
2363    0.041148
2364    0.043263
2365    0.042421
2366    0.041104
2367    0.041890
2368    0.042121
2369    0.043710
2370    0.043100
2371    0.043191
2372    0.041107
2373    0.041090
2374    0.042433
2375    0.041817
2376    0.041708
2377    0.041809
2378    0.042447
2379    0.043290
2380    0.042950
2381    0.042234
2382    0.041727
2383    0.042741
2384    0.041702
2385    0.042002
2386    0.042097
2387    0.041649
2388    0.042937
2389    0.042046
2390    0.042485
2391    0.042367
2392    0.042141
2393    0.043847
2394    0.040990
2395    0.042019
2396    0.039643
2397    0.040787
2398    0.040610
2399    0.040245
2400    0.049771
2401    0.039945
2402    0.042094
2403    0.040594
2404    0.041893
2405    0.041475
2406    0.042130
2407    0.041683
2408    0.040699
2409    0.040974
2410    0.038800
2411    0.039283
2412    0.039261
2413    0.039844
2414    0.039457
2415    0.039834
2416    0.041127
2417    0.040803
2418    0.040592
2419    0.040605
2420    0.041139
2421    0.040292
2422    0.040335
2423    0.039040
2424    0.039032
2425    0.039899
2426    0.039486
2427    0.042436
2428    0.041767
2429    0.040094
2430    0.040368
2431    0.042364
2432    0.042996
2433    0.039987
2434    0.042077
2435    0.041449
2436    0.040579
2437    0.040970
2438    0.040598
2439    0.042188
2440    0.042341
2441    0.041619
2442    0.041517
2443    0.042260
2444    0.042659
2445    0.041778
2446    0.042080
2447    0.040705
2448    0.041937
2449    0.041035
2450    0.050967
2451    0.042020
2452    0.041247
2453    0.040608
2454    0.041715
2455    0.041913
2456    0.040313
2457    0.038563
2458    0.039950
2459    0.039533
2460    0.039039
2461    0.038789
2462    0.039022
2463    0.043913
2464    0.042093
2465    0.041607
2466    0.041562
2467    0.040714
2468    0.041357
2469    0.041534
2470    0.041293
2471    0.040156
2472    0.041848
2473    0.041195
2474    0.041494
2475    0.042578
2476    0.042406
2477    0.040796
2478    0.040145
2479    0.042851
2480    0.043002
2481    0.042202
2482    0.042276
2483    0.043439
2484    0.041380
2485    0.041447
2486    0.041229
2487    0.042104
2488    0.041381
2489    0.040937
2490    0.042008
2491    0.041126
2492    0.040678
2493    0.040422
2494    0.039204
2495    0.039186
2496    0.038237
2497    0.039883
2498    0.038551
2499    0.040791
2500    0.049653
2501    0.039657
2502    0.039531
2503    0.082131
2504    0.070311
2505    0.054477
2506    0.049858
2507    0.050858
2508    0.050572
2509    0.048351
2510    0.049778
2511    0.049118
2512    0.049210
2513    0.049850
2514    0.049277
2515    0.049933
2516    0.049310
2517    0.049132
2518    0.049621
2519    0.048961
2520    0.044208
2521    0.040228
2522    0.040614
2523    0.040240
2524    0.039558
2525    0.040008
2526    0.039372
2527    0.039615
2528    0.039133
2529    0.040190
2530    0.039733
2531    0.040913
2532    0.040700
2533    0.037649
2534    0.039022
2535    0.038167
2536    0.038827
2537    0.038061
2538    0.038726
2539    0.037902
2540    0.039077
2541    0.038193
2542    0.039301
2543    0.039761
2544    0.040780
2545    0.039977
2546    0.039569
2547    0.042059
2548    0.039856
2549    0.040139
2550    0.048599
2551    0.040437
2552    0.039955
2553    0.040276
2554    0.040835
2555    0.040928
2556    0.041021
2557    0.040942
2558    0.041318
2559    0.040867
2560    0.040409
2561    0.040015
2562    0.040520
2563    0.040748
2564    0.040384
2565    0.040545
2566    0.040336
2567    0.040615
2568    0.041218
2569    0.040228
2570    0.040073
2571    0.067965
2572    0.059735
2573    0.050964
2574    0.049658
2575    0.049497
2576    0.049233
2577    0.048821
2578    0.049705
2579    0.047778
2580    0.047331
2581    0.047102
2582    0.048762
2583    0.048768
2584    0.048994
2585    0.048977
2586    0.046614
2587    0.042682
2588    0.039990
2589    0.040286
2590    0.038649
2591    0.038150
2592    0.038359
2593    0.045695
2594    0.049406
2595    0.050249
2596    0.048958
2597    0.049174
2598    0.049035
2599    0.047771
2600    0.058539
2601    0.048432
2602    0.049985
2603    0.049775
2604    0.049591
2605    0.049135
2606    0.046991
2607    0.041120
2608    0.039901
2609    0.040228
2610    0.041594
2611    0.041958
2612    0.041119
2613    0.043637
2614    0.042737
2615    0.040560
2616    0.039975
2617    0.041400
2618    0.040637
2619    0.040912
2620    0.041199
2621    0.039970
2622    0.041265
2623    0.039624
2624    0.039589
2625    0.040113
2626    0.038801
2627    0.038823
2628    0.037901
2629    0.038920
2630    0.037722
2631    0.038496
2632    0.038858
2633    0.039790
2634    0.040968
2635    0.040296
2636    0.038620
2637    0.041094
2638    0.043135
2639    0.041270
2640    0.039321
2641    0.039507
2642    0.040866
2643    0.040186
2644    0.040458
2645    0.040793
2646    0.041148
2647    0.042038
2648    0.040759
2649    0.040386
2650    0.049894
2651    0.041087
2652    0.040815
2653    0.039865
2654    0.040355
2655    0.040905
2656    0.041318
2657    0.041940
2658    0.042733
2659    0.044281
2660    0.043021
2661    0.042925
2662    0.044829
2663    0.042714
2664    0.043186
2665    0.042645
2666    0.043121
2667    0.043785
2668    0.042907
2669    0.041949
2670    0.041878
2671    0.042786
2672    0.041471
2673    0.042292
2674    0.041705
2675    0.040502
2676    0.040578
2677    0.041223
2678    0.042048
2679    0.042630
2680    0.041560
2681    0.041993
2682    0.042189
2683    0.049777
2684    0.050089
2685    0.052833
2686    0.051554
2687    0.051262
2688    0.051138
2689    0.053442
2690    0.051878
2691    0.051446
2692    0.050744
2693    0.049487
2694    0.050154
2695    0.048928
2696    0.049954
2697    0.051011
2698    0.050862
2699    0.050578
2700    1.994653
2701    0.040919
2702    0.042165
2703    0.042545
2704    0.040042
2705    0.041857
2706    0.043812
2707    0.042324
2708    0.040135
2709    0.038721
2710    0.039872
2711    0.039086
2712    0.038947
2713    0.039483
2714    0.039113
2715    0.042233
2716    0.041480
2717    0.040805
2718    0.041472
2719    0.040802
2720    0.040633
2721    0.040889
2722    0.041151
2723    0.041035
2724    0.039795
2725    0.041346
2726    0.040052
2727    0.043097
2728    0.044150
2729    0.043208
2730    0.044585
2731    0.063447
2732    0.073883
2733    0.055734
2734    0.050769
2735    0.050189
2736    0.051222
2737    0.051228
2738    0.051765
2739    0.051922
2740    0.052389
2741    0.052546
2742    0.052991
2743    0.052467
2744    0.050841
2745    0.052214
2746    0.051800
2747    0.048659
2748    0.043768
2749    0.044587
2750    0.055220
2751    0.041336
2752    0.040538
2753    0.041041
2754    0.043257
2755    0.043372
2756    0.040877
2757    0.042254
2758    0.041631
2759    0.042626
2760    0.042398
2761    0.041695
2762    0.042673
2763    0.043010
2764    0.042899
2765    0.041534
2766    0.043094
2767    0.043141
2768    0.043565
2769    0.043374
2770    0.041509
2771    0.042825
2772    0.044035
2773    0.045045
2774    0.043723
2775    0.043332
2776    0.044726
2777    0.044129
2778    0.045820
2779    0.044236
2780    0.044817
2781    0.043970
2782    0.042658
2783    0.044855
2784    0.042618
2785    0.041658
2786    0.041705
2787    0.042873
2788    0.041851
2789    0.041790
2790    0.044311
2791    0.043777
2792    0.042612
2793    0.042301
2794    0.042740
2795    0.063483
2796    0.066514
2797    0.052538
2798    0.048926
2799    0.054853
2800    0.071137
2801    0.051300
2802    0.049518
2803    0.048610
2804    0.048741
2805    0.048932
2806    0.049706
2807    0.048052
2808    0.042763
2809    0.039953
2810    0.039294
2811    0.038079
2812    0.039506
2813    0.039711
2814    0.039403
2815    0.039559
