1    0.000155
2    0.000155
3    0.000894
4    0.001385
5    0.001387
6    0.000888
7    0.001569
8    0.000870
9    0.001208
10    0.001107
11    0.001380
12    0.001144
13    0.000726
14    0.000891
15    0.001100
16    0.000741
17    0.000923
18    0.000924
19    0.000798
20    0.001022
21    0.001030
22    0.000957
23    0.001282
24    0.001067
25    0.000614
26    0.000732
27    0.000620
28    0.000490
29    0.000836
30    0.000528
31    0.000432
32    0.000540
33    0.000689
34    0.000453
35    0.000390
36    0.000349
37    0.000404
38    0.000749
39    0.000429
40    0.000462
41    0.000399
42    0.000391
43    0.000386
44    0.000710
45    0.000349
46    0.000492
47    0.000718
48    0.000475
49    0.000416
50    0.000451
51    0.000607
52    0.000423
53    0.000700
54    0.000408
55    0.000526
56    0.000447
57    0.000531
58    0.000378
59    0.000366
60    0.000556
61    0.000380
62    0.000641
63    0.000455
64    0.000587
65    0.000487
66    0.000487
67    0.000359
68    0.000366
69    0.000365
70    0.000462
71    0.000501
72    0.000402
73    0.000385
74    0.000679
75    0.000400
76    0.000634
77    0.000433
78    0.000397
79    0.000438
80    0.000526
81    0.000370
82    0.000510
83    0.000644
84    0.000379
85    0.000496
86    0.000591
87    0.000609
88    0.000536
89    0.000553
90    0.000455
91    0.000507
92    0.000404
93    0.000430
94    0.000414
95    0.000438
96    0.000399
97    0.000560
98    0.000589
99    0.000544
100    0.000701
101    0.000516
102    0.000536
103    0.000448
104    0.000405
105    0.000369
106    0.000518
107    0.000408
108    0.000434
109    0.000604
110    0.000612
111    0.000430
112    0.000727
113    0.000436
114    0.000562
115    0.000429
116    0.000495
117    0.000404
118    0.000558
119    0.000527
120    0.000407
121    0.000443
122    0.000451
123    0.000575
124    0.000670
125    0.000426
126    0.000654
127    0.000468
128    0.000501
129    0.000526
130    0.000444
131    0.000512
132    0.000562
133    0.000437
134    0.000527
135    0.000659
136    0.000443
137    0.000618
138    0.000422
139    0.000431
140    0.000666
141    0.000385
142    0.000658
143    0.000449
144    0.000512
145    0.000604
146    0.000532
147    0.000521
148    0.000725
149    0.000460
150    0.730001
151    0.013187
152    0.035478
153    0.033937
154    0.034236
155    0.034845
156    0.034067
157    0.034868
158    0.033213
159    0.033722
160    0.033565
161    0.033798
162    0.036574
163    0.034990
164    0.035280
165    0.036090
166    0.035728
167    0.035450
168    0.035648
169    0.035568
170    0.033906
171    0.034094
172    0.034043
173    0.034994
174    0.036394
175    0.035514
176    0.035356
177    0.034834
178    0.034392
179    0.034492
180    0.035559
181    0.034073
182    0.034476
183    0.034414
184    0.034368
185    0.036281
186    0.035727
187    0.036169
188    0.034833
189    0.035759
190    0.035320
191    0.034715
192    0.034171
193    0.036058
194    0.034318
195    0.034539
196    0.034678
197    0.034995
198    0.033647
199    0.033828
200    0.040677
201    0.034759
202    0.036706
203    0.033683
204    0.035045
205    0.033945
206    0.035047
207    0.036448
208    0.035675
209    0.034299
210    0.034637
211    0.034326
212    0.034767
213    0.036152
214    0.034279
215    0.033701
216    0.035382
217    0.034195
218    0.033729
219    0.036255
220    0.036876
221    0.034936
222    0.034895
223    0.034446
224    0.034530
225    0.034190
226    0.033976
227    0.034005
228    0.034288
229    0.033509
230    0.035187
231    0.035881
232    0.034839
233    0.035519
234    0.034302
235    0.034889
236    0.036216
237    0.034708
238    0.034726
239    0.034363
240    0.035131
241    0.034946
242    0.037065
243    0.034707
244    0.034311
245    0.034669
246    0.034706
247    0.043194
248    0.042926
249    0.042036
250    0.048138
251    0.034877
252    0.034524
253    0.033560
254    0.033274
255    0.034361
256    0.035760
257    0.034665
258    0.036743
259    0.035471
260    0.035841
261    0.043091
262    0.043519
263    0.044434
264    0.043556
265    0.041858
266    0.042920
267    0.044037
268    0.043107
269    0.042257
270    0.042884
271    0.041485
272    0.045361
273    0.043696
274    0.043029
275    0.044298
276    0.043293
277    0.043999
278    0.042599
279    0.044007
280    0.043727
281    0.045204
282    0.045098
283    0.045866
284    0.043558
285    0.045200
286    0.044143
287    0.043631
288    0.042429
289    0.043843
290    0.045779
291    0.043804
292    0.043751
293    0.042592
294    0.046089
295    0.045382
296    0.043791
297    0.043263
298    0.042622
299    0.043865
300    0.048031
301    0.035209
302    0.035635
303    0.034965
304    0.036549
305    0.037310
306    0.035191
307    0.035598
308    0.034661
309    0.034645
310    0.035351
311    0.035628
312    0.042528
313    0.042506
314    0.042907
315    0.044272
316    0.042225
317    0.043217
318    0.042348
319    0.044138
320    0.044713
321    0.044665
322    0.043750
323    0.042649
324    0.044624
325    0.044210
326    0.045555
327    0.045574
328    0.044875
329    0.046079
330    0.043354
331    0.043904
332    0.044398
333    0.042241
334    0.045054
335    0.044446
336    0.043104
337    0.045088
338    0.043231
339    0.041986
340    0.043330
341    0.042175
342    0.045308
343    0.043757
344    0.043414
345    0.042739
346    0.042618
347    0.044217
348    0.043192
349    0.042272
350    0.046733
351    0.037415
352    0.036048
353    0.034497
354    0.034432
355    0.034370
356    0.034420
357    0.035870
358    0.034144
359    0.033469
360    0.032674
361    0.034918
362    0.042963
363    0.041860
364    0.042248
365    0.040966
366    0.043714
367    0.044053
368    0.043834
369    0.042442
370    0.043640
371    0.042320
372    0.044662
373    0.042330
374    0.041838
375    0.041651
376    0.043835
377    0.045540
378    0.043102
379    0.044747
380    0.044448
381    0.044390
382    0.042222
383    0.042311
384    0.043164
385    0.043208
386    0.044753
387    0.044259
388    0.044425
389    0.044409
390    0.044303
391    0.044381
392    0.046409
393    0.043446
394    0.043118
395    0.045459
396    0.043877
397    0.043058
398    0.043354
399    0.045006
400    0.050041
401    0.035665
402    0.035843
403    0.035494
404    0.035793
405    0.035286
406    0.036552
407    0.036060
408    0.035729
409    0.036159
410    0.036240
411    0.037502
412    0.042653
413    0.043795
414    0.043316
415    0.045571
416    0.044989
417    0.042952
418    0.043627
419    0.044335
420    0.043132
421    0.042996
422    0.043943
423    0.042963
424    0.045672
425    0.042888
426    0.044194
427    0.044209
428    0.043104
429    0.044340
430    0.041530
431    0.041904
432    0.042101
433    0.043456
434    0.042299
435    0.042716
436    0.041977
437    0.043822
438    0.044997
439    0.042925
440    0.042859
441    0.042434
442    0.044178
443    0.041770
444    0.041583
445    0.042117
446    0.042575
447    0.043754
448    0.044075
449    0.042664
450    0.048122
451    0.036832
452    0.036790
453    0.035140
454    0.035331
455    0.035329
456    0.033524
457    0.036447
458    0.032655
459    0.034291
460    0.034378
461    0.036320
462    0.043386
463    0.044869
464    0.043213
465    0.045444
466    0.043366
467    0.045092
468    0.041593
469    0.041140
470    0.041728
471    0.043785
472    0.046042
473    0.042624
474    0.043747
475    0.045271
476    0.045235
477    0.046091
478    0.044045
479    0.044372
480    0.044313
481    0.045091
482    0.043573
483    0.043532
484    0.044071
485    0.043857
486    0.044675
487    0.044033
488    0.042429
489    0.043160
490    0.043156
491    0.042343
492    0.040946
493    0.042418
494    0.045264
495    0.045022
496    0.043749
497    0.043459
498    0.044340
499    0.042718
500    0.048244
501    0.034799
502    0.034740
503    0.035337
504    0.036524
505    0.035125
506    0.035228
507    0.036049
508    0.035116
509    0.035871
510    0.037141
511    0.037904
512    0.043115
513    0.042624
514    0.043961
515    0.043242
516    0.043671
517    0.042128
518    0.043241
519    0.045831
520    0.045831
521    0.043750
522    0.044354
523    0.045279
524    0.045050
525    0.042994
526    0.041572
527    0.042600
528    0.044266
529    0.043685
530    0.041989
531    0.042561
532    0.042744
533    0.045995
534    0.043308
535    0.042909
536    0.040765
537    0.042729
538    0.041553
539    0.041042
540    0.041558
541    0.042570
542    0.043349
543    0.043787
544    0.042335
545    0.042697
546    0.041639
547    0.042091
548    0.042798
549    0.042557
550    0.047340
551    0.037125
552    0.035171
553    0.035175
554    0.034557
555    0.034455
556    0.035063
557    0.036308
558    0.035226
559    0.034272
560    0.034213
561    0.035705
562    0.042567
563    0.043352
564    0.042785
565    0.042108
566    0.042160
567    0.044799
568    0.044838
569    0.043010
570    0.044465
571    0.044331
572    0.043408
573    0.045024
574    0.044593
575    0.044587
576    0.045743
577    0.043724
578    0.044035
579    0.043944
580    0.043389
581    0.044091
582    0.044164
583    0.043541
584    0.043806
585    0.044767
586    0.042549
587    0.043739
588    0.043837
589    0.045730
590    0.046571
591    0.044045
592    0.045070
593    0.043935
594    0.044119
595    0.043699
596    0.042616
597    0.043036
598    0.043525
599    0.045898
600    0.049160
601    0.036227
602    0.034930
603    0.034651
604    0.036960
605    0.034680
606    0.034662
607    0.035349
608    0.034942
609    0.034978
610    0.035255
611    0.035790
612    0.042190
613    0.042034
614    0.044214
615    0.044522
616    0.043214
617    0.043861
618    0.042137
619    0.043296
620    0.042529
621    0.041956
622    0.042003
623    0.041926
624    0.042162
625    0.041202
626    0.042199
627    0.040054
628    0.042608
629    0.046357
630    0.044564
631    0.043546
632    0.043310
633    0.043499
634    0.044188
635    0.043032
636    0.043218
637    0.044150
638    0.045116
639    0.042011
640    0.043129
641    0.042218
642    0.044031
643    0.043478
644    0.042176
645    0.043042
646    0.043583
647    0.044312
648    0.043739
649    0.042130
650    0.047922
651    0.037307
652    0.038202
653    0.036324
654    0.035901
655    0.034174
656    0.034564
657    0.035701
658    0.034639
659    0.034441
660    1.946390
661    0.036376
662    0.035369
663    0.036498
664    0.035063
665    0.037136
666    0.036941
667    0.034190
668    0.034883
669    0.035936
670    0.034466
671    0.034486
672    0.034411
673    0.033163
674    0.035971
675    0.034691
676    0.036333
677    0.037132
678    0.035797
679    0.034759
680    0.035346
681    0.035430
682    0.036286
683    0.036945
684    0.034497
685    0.034541
686    0.034242
687    0.033601
688    0.036264
689    0.035355
690    0.034259
691    0.033912
692    0.034409
693    0.035829
694    0.035375
695    0.034564
696    0.034138
697    0.035309
698    0.033889
699    0.035252
700    0.043000
701    0.034803
702    0.033768
703    0.034717
704    0.035269
705    0.034481
706    0.035410
707    0.036075
708    0.035099
709    0.034980
710    0.036120
711    0.034617
712    0.034924
713    0.035023
714    0.033776
715    0.034388
716    0.035698
717    0.034431
718    0.034768
719    0.033481
720    0.034183
721    0.035724
722    0.035474
723    0.035015
724    0.034783
725    0.033145
726    0.034871
727    0.034759
728    0.034279
729    0.035717
730    0.035047
731    0.034998
732    0.035387
733    0.035702
734    0.034325
735    0.034380
736    0.035546
737    0.035722
738    0.035005
739    0.036776
740    0.036533
741    0.034925
742    0.034294
743    0.034082
744    0.034692
745    0.034380
746    0.034021
747    0.033027
748    0.034575
749    0.033124
750    0.045834
751    0.034306
752    0.034043
753    0.033101
754    0.035564
755    0.035127
756    0.035117
757    0.033436
758    0.034479
759    0.035263
760    0.034104
761    0.033937
762    0.034454
763    0.034040
764    0.033538
765    0.033162
766    0.033213
767    0.033683
768    0.034146
769    0.036385
770    0.034937
771    0.033790
772    0.035456
773    0.035276
774    0.035202
775    0.035429
776    0.033579
777    0.033722
778    0.034435
779    0.039564
780    0.036605
781    0.036640
782    0.038172
783    0.036632
784    0.037928
785    0.035845
786    0.036165
787    0.035525
788    0.035370
789    0.037342
790    0.036453
791    0.035799
792    0.036594
793    0.035966
794    0.035827
795    0.039346
796    0.038137
797    0.038226
798    0.037578
799    0.037617
800    0.046396
801    0.035007
802    0.036215
803    0.036058
804    0.036043
805    0.037155
806    0.035148
807    0.034481
808    0.033799
809    0.032263
810    0.035776
811    0.036585
812    0.034337
813    0.036474
814    0.035375
815    0.034838
816    0.035319
817    0.038347
818    0.037011
819    0.036890
820    0.036181
821    0.036252
822    0.038741
823    0.036774
824    0.036599
825    0.036776
826    0.036884
827    0.037384
828    0.038784
829    0.036933
830    0.036886
831    0.036837
832    0.036340
833    0.036324
834    0.063141
835    0.056275
836    0.047371
837    0.043864
838    0.044303
839    0.045016
840    0.043843
841    0.045428
842    0.044998
843    0.045832
844    0.046239
845    0.046064
846    0.045531
847    0.045610
848    0.045566
849    0.045545
850    0.053730
851    0.041319
852    0.039469
853    0.042747
854    0.064685
855    0.049949
856    0.045056
857    0.044928
858    0.043424
859    0.043657
860    0.042372
861    0.044715
862    0.043187
863    0.044077
864    0.044901
865    0.044728
866    0.043386
867    0.044945
868    0.043537
869    0.043692
870    0.041388
871    0.038025
872    0.037237
873    0.036504
874    0.035893
875    0.036445
876    0.034898
877    0.036534
878    0.036170
879    0.035532
880    0.035412
881    0.036550
882    0.037087
883    0.036378
884    0.035887
885    0.036776
886    0.037464
887    0.037316
888    0.038656
889    0.039794
890    0.036273
891    0.037325
892    0.036315
893    0.037254
894    0.038172
895    0.037606
896    0.037840
897    0.037490
898    0.037971
899    0.039508
900    0.045492
901    0.035175
902    0.034686
903    0.035999
904    0.036031
905    0.037051
906    0.036179
907    0.035088
908    0.038075
909    0.038634
910    0.038205
911    0.037450
912    0.036657
913    0.037035
914    0.037502
915    0.038963
916    0.036904
917    0.037060
918    0.037329
919    0.036674
920    0.037241
921    0.038452
922    0.039077
923    0.038337
924    0.036945
925    0.037163
926    0.041082
927    0.037881
928    0.037964
929    0.037165
930    0.036556
931    0.038549
932    0.036146
933    0.036370
934    0.036005
935    0.037268
936    0.037997
937    0.037026
938    0.035921
939    0.037299
940    0.037307
941    0.038043
942    0.037569
943    0.036882
944    0.037107
945    0.036725
946    0.036853
947    0.036988
948    0.037383
949    0.036648
950    0.045212
951    0.035695
952    0.035367
953    0.036231
954    0.035515
955    0.036763
956    0.035900
957    0.036187
958    0.040726
959    0.040206
960    0.039792
961    0.040395
962    0.040124
963    0.042306
964    0.038674
965    0.039682
966    0.039772
967    0.039510
968    0.041211
969    0.040521
970    0.039096
971    0.039812
972    0.038479
973    0.040608
974    0.040966
975    0.040762
976    0.040020
977    0.039613
978    0.042166
979    0.041788
980    0.042264
981    0.041256
982    0.041963
983    0.043422
984    0.041493
985    0.042005
986    0.043103
987    0.044754
988    0.042140
989    0.041075
990    0.043295
991    0.044437
992    0.044883
993    0.041682
994    0.042839
995    0.042446
996    0.044155
997    0.042921
998    0.043585
999    0.044185
1000    0.051120
1001    0.039686
1002    0.040171
1003    0.039076
1004    0.038243
1005    0.037572
1006    0.043960
1007    0.041683
1008    0.040765
1009    0.041330
1010    0.041420
1011    0.040430
1012    0.040852
1013    0.038939
1014    0.040009
1015    0.040743
1016    0.042409
1017    0.040453
1018    0.039476
1019    0.039892
1020    0.040618
1021    0.042386
1022    0.042223
1023    0.040596
1024    0.041819
1025    0.043053
1026    0.040019
1027    0.039849
1028    0.039488
1029    0.038302
1030    0.039691
1031    0.039836
1032    0.039162
1033    0.039317
1034    0.040145
1035    0.039849
1036    0.038953
1037    0.038274
1038    0.038223
1039    0.038586
1040    0.038161
1041    0.039462
1042    0.038866
1043    0.038822
1044    0.039061
1045    0.037933
1046    0.038760
1047    0.039792
1048    0.039291
1049    0.040195
1050    0.047083
1051    0.038623
1052    0.037561
1053    0.037304
1054    0.037597
1055    0.037062
1056    0.038242
1057    0.041924
1058    0.039011
1059    0.040125
1060    0.039536
1061    0.040343
1062    0.039049
1063    0.040284
1064    0.039625
1065    0.040130
1066    0.042225
1067    0.040497
1068    0.039988
1069    0.039890
1070    0.040659
1071    0.040977
1072    0.039437
1073    0.039568
1074    0.039101
1075    0.039692
1076    0.040686
1077    0.038852
1078    0.037480
1079    0.038567
1080    0.037866
1081    0.037392
1082    0.037827
1083    0.037720
1084    0.038055
1085    0.041409
1086    0.038950
1087    0.038295
1088    0.038698
1089    0.040243
1090    0.039384
1091    0.042435
1092    0.040994
1093    0.041170
1094    0.039918
1095    0.039070
1096    0.041394
1097    0.040978
1098    0.039826
1099    0.040037
1100    0.048119
1101    0.041411
1102    0.038463
1103    0.037613
1104    0.039540
1105    0.039747
1106    0.036718
1107    0.037220
1108    0.036703
1109    0.035757
1110    0.038472
1111    0.037320
1112    0.037748
1113    0.036561
1114    0.036800
1115    0.036069
1116    0.036657
1117    0.036777
1118    0.036388
1119    0.037022
1120    0.036967
1121    0.036612
1122    0.037994
1123    0.037442
1124    0.037256
1125    0.039688
1126    0.037927
1127    0.036997
1128    0.037156
1129    0.038297
1130    0.036536
1131    0.037556
1132    0.039428
1133    0.041769
1134    0.039036
1135    0.038303
1136    0.038724
1137    0.040913
1138    0.037918
1139    0.039846
1140    0.037202
1141    0.038605
1142    0.037557
1143    0.037853
1144    0.039212
1145    0.038514
1146    0.040601
1147    0.038728
1148    0.037215
1149    0.039567
1150    0.048128
1151    0.039483
1152    0.038910
1153    0.038875
1154    0.038585
1155    0.037977
1156    0.038607
1157    0.039073
1158    0.038698
1159    0.072948
1160    0.058977
1161    0.048427
1162    0.048449
1163    0.055957
1164    0.056555
1165    0.055939
1166    0.057037
1167    0.057299
1168    0.056655
1169    0.057047
1170    2.464701
1171    0.053877
1172    0.048173
1173    0.047493
1174    0.046439
1175    0.046738
1176    0.047995
1177    0.047330
1178    0.047629
1179    0.047399
1180    0.047625
1181    0.048193
1182    0.047169
1183    0.048022
1184    0.048039
1185    0.048757
1186    0.043094
1187    0.039607
1188    0.037947
1189    0.042245
1190    0.039856
1191    0.039255
1192    0.038876
1193    0.037092
1194    0.039214
1195    0.038372
1196    0.038703
1197    0.038763
1198    0.038038
1199    0.037536
1200    0.044984
1201    0.039012
1202    0.038356
1203    0.037605
1204    0.038221
1205    0.037192
1206    0.036513
1207    0.039093
1208    0.038055
1209    0.038193
1210    0.037115
1211    0.037785
1212    0.038091
1213    0.037134
1214    0.037077
1215    0.041037
1216    0.040019
1217    0.038857
1218    0.038071
1219    0.037462
1220    0.040143
1221    0.038864
1222    0.037243
1223    0.038438
1224    0.037900
1225    0.038134
1226    0.036599
1227    0.037416
1228    0.037703
1229    0.036433
1230    0.037512
1231    0.038324
1232    0.037840
1233    0.040714
1234    0.039916
1235    0.040389
1236    0.040511
1237    0.040144
1238    0.039655
1239    0.039689
1240    0.040259
1241    0.042708
1242    0.042541
1243    0.041435
1244    0.042416
1245    0.041326
1246    0.043098
1247    0.041688
1248    0.042692
1249    0.041808
1250    0.053140
1251    0.041202
1252    0.040976
1253    0.041912
1254    0.040598
1255    0.041406
1256    0.040902
1257    0.041987
1258    0.041781
1259    0.041955
1260    0.042382
1261    0.042429
1262    0.041644
1263    0.041482
1264    0.042231
1265    0.043046
1266    0.040824
1267    0.039886
1268    0.041321
1269    0.043623
1270    0.041647
1271    0.040392
1272    0.041449
1273    0.041152
1274    0.043391
1275    0.040129
1276    0.041274
1277    0.040839
1278    0.039935
1279    0.044264
1280    0.042414
1281    0.040757
1282    0.041330
1283    0.043221
1284    0.044047
1285    0.042623
1286    0.041925
1287    0.040594
1288    0.041893
1289    0.040153
1290    0.038034
1291    0.039613
1292    0.039665
1293    0.039188
1294    0.038830
1295    0.038324
1296    0.038625
1297    0.036981
1298    0.037403
1299    0.038071
1300    0.044334
1301    0.039383
1302    0.037747
1303    0.038219
1304    0.041292
1305    0.039690
1306    0.039896
1307    0.039036
1308    0.039070
1309    0.040519
1310    0.038731
1311    0.040974
1312    0.039493
1313    0.041921
1314    0.041414
1315    0.038826
1316    0.041219
1317    0.042144
1318    0.042659
1319    0.043068
1320    0.041696
1321    0.039996
1322    0.040117
1323    0.038913
1324    0.038420
1325    0.039853
1326    0.040057
1327    0.039117
1328    0.039167
1329    0.039151
1330    0.039553
1331    0.040180
1332    0.039431
1333    0.040182
1334    0.039932
1335    0.039099
1336    0.040283
1337    0.039229
1338    0.042376
1339    0.040133
1340    0.038577
1341    0.038861
1342    0.039139
1343    0.041360
1344    0.039640
1345    0.038247
1346    0.039934
1347    0.038580
1348    0.042448
1349    0.074758
1350    0.064168
1351    0.048340
1352    0.047242
1353    0.047441
1354    0.047230
1355    0.046997
1356    0.047227
1357    0.046815
1358    0.048285
1359    0.048084
1360    0.065451
1361    0.063000
1362    0.050330
1363    0.047082
1364    0.047427
1365    0.046521
1366    0.047860
1367    0.047764
1368    0.046667
1369    0.046626
1370    0.047282
1371    0.047865
1372    0.047043
1373    0.048079
1374    0.047043
1375    0.046749
1376    0.044415
1377    0.041423
1378    0.039917
1379    0.041388
1380    0.042416
1381    0.042743
1382    0.041575
1383    0.042218
1384    0.041716
1385    0.042933
1386    0.041154
1387    0.041740
1388    0.041185
1389    0.041964
1390    0.042964
1391    0.042448
1392    0.040693
1393    0.041828
1394    0.041317
1395    0.041002
1396    0.040474
1397    0.042557
1398    0.042050
1399    0.041338
1400    0.049732
1401    0.040870
1402    0.040017
1403    0.039733
1404    0.043551
1405    0.042345
1406    0.040047
1407    0.040069
1408    0.040294
1409    0.043390
1410    0.041151
1411    0.040578
1412    0.042304
1413    0.042198
1414    0.040739
1415    0.041197
1416    0.041619
1417    0.041174
1418    0.041367
1419    0.042898
1420    0.041481
1421    0.041824
1422    0.040809
1423    0.042810
1424    0.042702
1425    0.040863
1426    0.041070
1427    0.040775
1428    0.042584
1429    0.042875
1430    0.041854
1431    0.040730
1432    0.041345
1433    0.041424
1434    0.041993
1435    0.042170
1436    0.044108
1437    0.073062
1438    0.054834
1439    0.046493
1440    0.046546
1441    0.046204
1442    0.047120
1443    0.046460
1444    0.046795
1445    0.046835
1446    0.045864
1447    0.045966
1448    0.045757
1449    0.046521
1450    0.074814
1451    0.058682
1452    0.048426
1453    0.042991
1454    0.040542
1455    0.041451
1456    0.041919
1457    0.041153
1458    0.043366
1459    0.041227
1460    0.040485
1461    0.041977
1462    0.041584
1463    0.041406
1464    0.041492
1465    0.041257
1466    0.041495
1467    0.043348
1468    0.041436
1469    0.041093
1470    0.042835
1471    0.042784
1472    0.042781
1473    0.041922
1474    0.040722
1475    0.040631
1476    0.043085
1477    0.042852
1478    0.040395
1479    0.041142
1480    0.039156
1481    0.043481
1482    0.044064
1483    0.040226
1484    0.041991
1485    0.041007
1486    0.042613
1487    0.042032
1488    0.040451
1489    0.043208
1490    0.040980
1491    0.041641
1492    0.039880
1493    0.039228
1494    0.040311
1495    0.039766
1496    0.043770
1497    0.066185
1498    0.060594
1499    0.049030
1500    0.057117
1501    0.048035
1502    0.046866
1503    0.047667
1504    0.046104
1505    0.046507
1506    0.046168
1507    0.046923
1508    0.047136
1509    0.046921
1510    0.047648
1511    0.047128
1512    0.046883
1513    0.042701
1514    0.070145
1515    0.057545
1516    0.049712
1517    0.048719
1518    0.049490
1519    0.049068
1520    0.048777
1521    0.049004
1522    0.050071
1523    0.049586
1524    0.049357
1525    0.049161
1526    0.048728
1527    0.049849
1528    0.049930
1529    0.044072
1530    0.042701
1531    0.041465
1532    0.043257
1533    0.040598
1534    0.041553
1535    0.041555
1536    0.042037
1537    0.045995
1538    0.040924
1539    0.040726
1540    0.041334
1541    0.040827
1542    0.043851
1543    0.043188
1544    0.042491
1545    0.041264
1546    0.046222
1547    0.040734
1548    0.041646
1549    0.041581
1550    0.051883
1551    0.043170
1552    0.041282
1553    0.044035
1554    0.040427
1555    0.043132
1556    0.043695
1557    0.041738
1558    0.040735
1559    0.040565
1560    0.043670
1561    0.042315
1562    0.041917
1563    0.040458
1564    0.040804
1565    0.045523
1566    0.042665
1567    0.041380
1568    0.040339
1569    0.042787
1570    0.045572
1571    0.043393
1572    0.042757
1573    0.041794
1574    0.044921
1575    0.041285
1576    0.040760
1577    0.040770
1578    0.039657
1579    0.044563
1580    0.040536
1581    0.039638
1582    0.038964
1583    0.040937
1584    0.042449
1585    0.041538
1586    0.041344
1587    0.040087
1588    0.044647
1589    0.043514
1590    0.041348
1591    0.041057
1592    0.041535
1593    0.044171
1594    0.041637
1595    0.041173
1596    0.042184
1597    0.044079
1598    0.045367
1599    0.042211
1600    0.050713
1601    0.042597
1602    0.041896
1603    0.040520
1604    0.040509
1605    0.041734
1606    0.042207
1607    0.040585
1608    0.043233
1609    0.040188
1610    0.040406
1611    0.040979
1612    0.043139
1613    0.041575
1614    0.042322
1615    0.040880
1616    0.041527
1617    0.045779
1618    0.040780
1619    0.039881
1620    0.041517
1621    0.043529
1622    0.043150
1623    0.041049
1624    0.043150
1625    0.042378
1626    0.042122
1627    0.041124
1628    0.041576
1629    0.040658
1630    0.040253
1631    0.040036
1632    0.042395
1633    0.038901
1634    0.040663
1635    0.048005
1636    0.046133
1637    0.042256
1638    0.041421
1639    0.040026
1640    0.040801
1641    0.041979
1642    0.039998
1643    0.041031
1644    0.040446
1645    0.040798
1646    0.042592
1647    0.039736
1648    0.040242
1649    0.041876
1650    0.050128
1651    0.040707
1652    0.039868
1653    0.040336
1654    0.039143
1655    0.039144
1656    0.038974
1657    0.038053
1658    0.038839
1659    0.038660
1660    0.039341
1661    0.041033
1662    0.040125
1663    0.048512
1664    0.046186
1665    0.050497
1666    0.048241
1667    0.048147
1668    0.047935
1669    0.048246
1670    0.048162
1671    0.049963
1672    0.049518
1673    0.048323
1674    0.047706
1675    0.047781
1676    0.046616
1677    0.046503
1678    0.045984
1679    0.045424
1680    1.956832
1681    0.042168
1682    0.040994
1683    0.041805
1684    0.043581
1685    0.041652
1686    0.041770
1687    0.041249
1688    0.041951
1689    0.043420
1690    0.042007
1691    0.041235
1692    0.041371
1693    0.043340
1694    0.042628
1695    0.041631
1696    0.041614
1697    0.041684
1698    0.043690
1699    0.043092
1700    0.051517
1701    0.040471
1702    0.042248
1703    0.042565
1704    0.040852
1705    0.043573
1706    0.040416
1707    0.041893
1708    0.042827
1709    0.040485
1710    0.039941
1711    0.040537
1712    0.041362
1713    0.041322
1714    0.041251
1715    0.040725
1716    0.041376
1717    0.044031
1718    0.040450
1719    0.039840
1720    0.041454
1721    0.041191
1722    0.043855
1723    0.041102
1724    0.040474
1725    0.040508
1726    0.040893
1727    0.044270
1728    0.041466
1729    0.041956
1730    0.042120
1731    0.042420
1732    0.043258
1733    0.041616
1734    0.042230
1735    0.041176
1736    0.044672
1737    0.042100
1738    0.041687
1739    0.042184
1740    0.042905
1741    0.044462
1742    0.043571
1743    0.042931
1744    0.044501
1745    0.043844
1746    0.041869
1747    0.041865
1748    0.041013
1749    0.041492
1750    0.051917
1751    0.040430
1752    0.040273
1753    0.040811
1754    0.040898
1755    0.041623
1756    0.040484
1757    0.040150
1758    0.039928
1759    0.042237
1760    0.041348
1761    0.041220
1762    0.042746
1763    0.040630
1764    0.040918
1765    0.041387
1766    0.041323
1767    0.041418
1768    0.041922
1769    0.041631
1770    0.040860
1771    0.040761
1772    0.041394
1773    0.040273
1774    0.043500
1775    0.041940
1776    0.040331
1777    0.041364
1778    0.040573
1779    0.042967
1780    0.041165
1781    0.040548
1782    0.041228
1783    0.042371
1784    0.041812
1785    0.040940
1786    0.040434
1787    0.041661
1788    0.043043
1789    0.043393
1790    0.041276
1791    0.043032
1792    0.043215
1793    0.043261
1794    0.042842
1795    0.041876
1796    0.041605
1797    0.042832
1798    0.042080
1799    0.042589
1800    0.049613
1801    0.042067
1802    0.042355
1803    0.040992
1804    0.041918
1805    0.040203
1806    0.041434
1807    0.044530
1808    0.041890
1809    0.042574
1810    0.042589
1811    0.041213
1812    0.041016
1813    0.041400
1814    0.041265
1815    0.042221
1816    0.041292
1817    0.042134
1818    0.042120
1819    0.041436
1820    0.040805
1821    0.041606
1822    0.042786
1823    0.042319
1824    0.040527
1825    0.040046
1826    0.042313
1827    0.040888
1828    0.042054
1829    0.041972
1830    0.042153
1831    0.043561
1832    0.040571
1833    0.041904
1834    0.040818
1835    0.042864
1836    0.044106
1837    0.042516
1838    0.041235
1839    0.040708
1840    0.043536
1841    0.041642
1842    0.042401
1843    0.041924
1844    0.041664
1845    0.042454
1846    0.072533
1847    0.064864
1848    0.053435
1849    0.051140
1850    0.061191
1851    0.050183
1852    0.049623
1853    0.049673
1854    0.048965
1855    0.047927
1856    0.048213
1857    0.048090
1858    0.048842
1859    0.049157
1860    0.048635
1861    0.048617
1862    0.046220
1863    0.042605
1864    0.042317
1865    0.041369
1866    0.040524
1867    0.040547
1868    0.039770
1869    0.040883
1870    0.041126
1871    0.040613
1872    0.039898
1873    0.041010
1874    0.042757
1875    0.040624
1876    0.040084
1877    0.040972
1878    0.040439
1879    0.040086
1880    0.040443
1881    0.040136
1882    0.041417
1883    0.041224
1884    0.042426
1885    0.040065
1886    0.039422
1887    0.041345
1888    0.040992
1889    0.042796
1890    0.041953
1891    0.083646
1892    0.070513
1893    0.055762
1894    0.049789
1895    0.050892
1896    0.049820
1897    0.080340
1898    0.060925
1899    0.051119
1900    0.059811
1901    0.050146
1902    0.049407
1903    0.049249
1904    0.049430
1905    0.050030
1906    0.049147
1907    0.060962
1908    0.066695
1909    0.053464
1910    0.049156
1911    0.049712
1912    0.048789
1913    0.049403
1914    0.048604
1915    0.049125
1916    0.049213
1917    0.049055
1918    0.049256
1919    0.050211
1920    0.049027
1921    0.048542
1922    0.049703
1923    0.045216
1924    0.042224
1925    0.040773
1926    0.039870
1927    0.043989
1928    0.042849
1929    0.041756
1930    0.041069
1931    0.041352
1932    0.044757
1933    0.041931
1934    0.042953
1935    0.041480
1936    0.044174
1937    0.043704
1938    0.078728
1939    0.061774
1940    0.051726
1941    0.050417
1942    0.051248
1943    0.050076
1944    0.055158
1945    0.059992
1946    0.049827
1947    0.049431
1948    0.050612
1949    0.049247
1950    0.059405
1951    0.049540
1952    0.048565
1953    0.048153
1954    0.048739
1955    0.048136
1956    0.048437
1957    0.047447
1958    0.048582
1959    0.048453
1960    0.048891
1961    0.043276
1962    0.043489
1963    0.041879
1964    0.043917
1965    0.043193
1966    0.042810
1967    0.043202
1968    0.041956
1969    0.045520
1970    0.042422
1971    0.043193
1972    0.042695
1973    0.044309
1974    0.043833
1975    0.043100
1976    0.043725
1977    0.044632
1978    0.043855
1979    0.044193
1980    0.043278
1981    0.042634
1982    0.044762
1983    0.044027
1984    0.042301
1985    0.041904
1986    0.041954
1987    0.044326
1988    0.044274
1989    0.042483
1990    0.042107
1991    0.043184
1992    0.040879
1993    0.041194
1994    0.039980
1995    0.039139
1996    0.039692
1997    0.040633
1998    0.040812
1999    0.040035
2000    0.046621
2001    0.039001
2002    0.037630
2003    0.038895
2004    0.038158
2005    0.037847
2006    0.038095
2007    0.038230
2008    0.041465
2009    0.040207
2010    0.041209
2011    0.042653
2012    0.040462
2013    0.041072
2014    0.042299
2015    0.041400
2016    0.042207
2017    0.042978
2018    0.040937
2019    0.042597
2020    0.041483
2021    0.041128
2022    0.042196
2023    0.041864
2024    0.042370
2025    0.042458
2026    0.043159
2027    0.041249
2028    0.041212
2029    0.041562
2030    0.042904
2031    0.042640
2032    0.041968
2033    0.042177
2034    0.042310
2035    0.041497
2036    0.041239
2037    0.041487
2038    0.041464
2039    0.043103
2040    0.045680
2041    0.043881
2042    0.043231
2043    0.044876
2044    0.044275
2045    0.043227
2046    0.044119
2047    0.042569
2048    0.043437
2049    0.043083
2050    0.050017
2051    0.041881
2052    0.041375
2053    0.042425
2054    0.044550
2055    0.041887
2056    0.041752
2057    0.042068
2058    0.042823
2059    0.041886
2060    0.040722
2061    0.040050
2062    0.041556
2063    0.043374
2064    0.041387
2065    0.040367
2066    0.040401
2067    0.040462
2068    0.041679
2069    0.041712
2070    0.041843
2071    0.040781
2072    0.041706
2073    0.040508
2074    0.040307
2075    0.041014
2076    0.041003
2077    0.041939
2078    0.041564
2079    0.041500
2080    0.040273
2081    0.040631
2082    0.041090
2083    0.041543
2084    0.040302
2085    0.040661
2086    0.040368
2087    0.042855
2088    0.042394
2089    0.042672
2090    0.040872
2091    0.041533
2092    0.043501
2093    0.041405
2094    0.040469
2095    0.040495
2096    0.042104
2097    0.042986
2098    0.042035
2099    0.041106
2100    0.049115
2101    0.043365
2102    0.044235
2103    0.043093
2104    0.042698
2105    0.040710
2106    0.042663
2107    0.041774
2108    0.041118
2109    0.040779
2110    0.042782
2111    0.043460
2112    0.041742
2113    0.041645
2114    0.076049
2115    0.056428
2116    0.048823
2117    0.048261
2118    0.047740
2119    0.048501
2120    0.047412
2121    0.048456
2122    0.048638
2123    0.048645
2124    0.047939
2125    0.048215
2126    0.048299
2127    0.048951
2128    0.048361
2129    0.048578
2130    0.044871
2131    0.041591
2132    0.061064
2133    0.067389
2134    0.053359
2135    0.052193
2136    0.050868
2137    0.050099
2138    0.049405
2139    0.050528
2140    0.051124
2141    0.050845
2142    0.051477
2143    0.052039
2144    0.051451
2145    0.052101
2146    0.050989
2147    0.052517
2148    0.049927
2149    0.048405
2150    0.055882
2151    0.043509
2152    0.041174
2153    0.041635
2154    0.043257
2155    0.043397
2156    0.042757
2157    0.043081
2158    0.041622
2159    0.042650
2160    0.040244
2161    0.041481
2162    0.040932
2163    0.041337
2164    0.042619
2165    0.042162
2166    0.042240
2167    0.042576
2168    0.042495
2169    0.042537
2170    0.042715
2171    0.042486
2172    0.042075
2173    0.043879
2174    0.043677
2175    0.045212
2176    0.051780
2177    0.050582
2178    0.052511
2179    0.052264
2180    0.050813
2181    0.052563
2182    0.052398
2183    0.052593
2184    0.052310
2185    0.053483
2186    0.053201
2187    0.052199
2188    0.051905
2189    0.051686
2190    2.234935
2191    0.042865
2192    0.042600
2193    0.041611
2194    0.044369
2195    0.044370
2196    0.043069
2197    0.043786
2198    0.045754
2199    0.043927
2200    0.052425
2201    0.042657
2202    0.042496
2203    0.043113
2204    0.040717
2205    0.040846
2206    0.042120
2207    0.042424
2208    0.042630
2209    0.042947
2210    0.041311
2211    0.042508
2212    0.044589
2213    0.043444
2214    0.041712
2215    0.041189
2216    0.043089
2217    0.043611
2218    0.044085
2219    0.042528
2220    0.041793
2221    0.044508
2222    0.041980
2223    0.043363
2224    0.041967
2225    0.041760
2226    0.043959
2227    0.043794
2228    0.042336
2229    0.041410
2230    0.044468
2231    0.044103
2232    0.042951
2233    0.042061
2234    0.043337
2235    0.042931
2236    0.062168
2237    0.059994
2238    0.052118
2239    0.051275
2240    0.050970
2241    0.050393
2242    0.052332
2243    0.049938
2244    0.050874
2245    0.049928
2246    0.051729
2247    0.050893
2248    0.049870
2249    0.049873
2250    0.060003
2251    0.043695
2252    0.043331
2253    0.042908
2254    0.042084
2255    0.043962
2256    0.043413
2257    0.042757
2258    0.041719
2259    0.043180
2260    0.040968
2261    0.042146
2262    0.041449
2263    0.040536
2264    0.042865
2265    0.042218
2266    0.042094
2267    0.040854
2268    0.040227
2269    0.043502
2270    0.041215
2271    0.042041
2272    0.040981
2273    0.041372
2274    0.042988
2275    0.040368
2276    0.042732
2277    0.041468
2278    0.042775
2279    0.042037
2280    0.042162
2281    0.041363
2282    0.059908
2283    0.065542
2284    0.052609
2285    0.047198
2286    0.047542
2287    0.046166
2288    0.047484
2289    0.047475
2290    0.048573
2291    0.047994
2292    0.047906
2293    0.048006
2294    0.047689
2295    0.047333
2296    0.047151
2297    0.048011
2298    0.046168
2299    0.043249
2300    0.045850
2301    0.038335
2302    0.037919
2303    0.038814
2304    0.041623
2305    0.039255
2306    0.040513
2307    0.038592
2308    0.040519
2309    0.042718
2310    0.037913
2311    0.039735
2312    0.038370
2313    0.042062
2314    0.039706
2315    0.038302
2316    0.038790
2317    0.040289
2318    0.040766
2319    0.040231
2320    0.039065
2321    0.039075
2322    0.038444
2323    0.039066
2324    0.069073
2325    0.064238
2326    0.051916
2327    0.050646
2328    0.049147
2329    0.049443
2330    0.049568
2331    0.050035
2332    0.050137
2333    0.049553
2334    0.050146
2335    0.050602
2336    0.050026
2337    0.048764
2338    0.050803
2339    0.051317
2340    0.045916
2341    0.043956
2342    0.041704
2343    0.044846
2344    0.043888
2345    0.041906
2346    0.043286
2347    0.041610
2348    0.043909
2349    0.041557
2350    0.051060
2351    0.041832
2352    0.042641
2353    0.041244
2354    0.040646
2355    0.042083
2356    0.040475
2357    0.041600
2358    0.042545
2359    0.041389
2360    0.043630
2361    0.041487
2362    0.044522
2363    0.040868
2364    0.041562
2365    0.041961
2366    0.080035
2367    0.057306
2368    0.050114
2369    0.052333
2370    0.051417
2371    0.050601
2372    0.050747
2373    0.054020
2374    0.049972
2375    0.050361
2376    0.050567
2377    0.055024
2378    0.050931
2379    0.049616
2380    0.050769
2381    0.048937
2382    0.043732
2383    0.042793
2384    0.041214
2385    0.043876
2386    0.046889
2387    0.043125
2388    0.042179
2389    0.043220
2390    0.045218
2391    0.047314
2392    0.042780
2393    0.041592
2394    0.042619
2395    0.048162
2396    0.040493
2397    0.042416
2398    0.039915
2399    0.046319
2400    0.053686
2401    0.041681
2402    0.041031
2403    0.041364
2404    0.046931
2405    0.043354
2406    0.040928
2407    0.042804
2408    0.040868
2409    0.053655
2410    0.070434
2411    0.052861
2412    0.047728
2413    0.046487
2414    0.046428
2415    0.047717
2416    0.046834
2417    0.046748
2418    0.046615
2419    0.046624
2420    0.066564
2421    0.059905
2422    0.051349
2423    0.059056
2424    0.082613
2425    0.060817
2426    0.048857
2427    0.048621
2428    0.048872
2429    0.047876
2430    0.048498
2431    0.048625
2432    0.047847
2433    0.049040
2434    0.044907
2435    0.045897
2436    0.044956
2437    0.044659
2438    0.045134
2439    0.058932
2440    0.062476
2441    0.051264
2442    0.049417
2443    0.049732
2444    0.049177
2445    0.048743
2446    0.049094
2447    0.049628
2448    0.056851
2449    0.056250
2450    0.076442
2451    0.053975
2452    0.048667
2453    0.048424
2454    0.048497
2455    0.049706
2456    0.050263
2457    0.049769
2458    0.049755
2459    0.048665
2460    0.048730
2461    0.048681
2462    0.049139
2463    0.048581
2464    0.049270
2465    0.048974
2466    0.045028
2467    0.039807
2468    0.039069
2469    0.038513
2470    0.038679
2471    0.038025
2472    0.038876
2473    0.038698
2474    0.039342
2475    0.040932
2476    0.041235
2477    0.040294
2478    0.041251
2479    0.040746
2480    0.041681
2481    0.040825
2482    0.040304
2483    0.041123
2484    0.039999
2485    0.039850
2486    0.040819
2487    0.039807
2488    0.041534
2489    0.040616
2490    0.041379
2491    0.042119
2492    0.043695
2493    0.041801
2494    0.043793
2495    0.041833
2496    0.043340
2497    0.043866
2498    0.043761
2499    0.044679
2500    0.053068
2501    0.041601
2502    0.044412
2503    0.042633
2504    0.041120
2505    0.044089
2506    0.042185
2507    0.041920
2508    0.041332
2509    0.043327
2510    0.044254
2511    0.042756
2512    0.043320
2513    0.041873
2514    0.043803
2515    0.043181
2516    0.042175
2517    0.040474
2518    0.067960
2519    0.055882
2520    0.049645
2521    0.049211
2522    0.049723
2523    0.049301
2524    0.049194
2525    0.049366
2526    0.049454
2527    0.049541
2528    0.049042
2529    0.048284
2530    0.051200
2531    0.081114
2532    0.059453
2533    0.050911
2534    0.075626
2535    0.075177
2536    0.057882
2537    0.046246
2538    0.043860
2539    0.044162
2540    0.045509
2541    0.044729
2542    0.043345
2543    0.042471
2544    0.042773
2545    0.045105
2546    0.044465
2547    0.041446
2548    0.042479
2549    0.044386
2550    0.051903
2551    0.043554
2552    0.041865
2553    0.043165
2554    0.045124
2555    0.043017
2556    0.042830
2557    0.042712
2558    0.042811
2559    0.041664
2560    0.043536
2561    0.042987
2562    0.043274
2563    0.043932
2564    0.041917
2565    0.043822
2566    0.041593
2567    0.044529
2568    0.045213
2569    0.043593
2570    0.043142
2571    0.043031
2572    0.046058
2573    0.044434
2574    0.042168
2575    0.042777
2576    0.042606
2577    0.044560
2578    0.042700
2579    0.043048
2580    0.043461
2581    0.042711
2582    0.042375
2583    0.043477
2584    0.043100
2585    0.042365
2586    0.043019
2587    0.040797
2588    0.043803
2589    0.048726
2590    0.047780
2591    0.048773
2592    0.048860
2593    0.048442
2594    0.048815
2595    0.045859
2596    0.041713
2597    0.041151
2598    0.040498
2599    0.045441
2600    0.050624
2601    0.041879
2602    0.042386
2603    0.042675
2604    0.040933
2605    0.041252
2606    0.040716
2607    0.040343
2608    0.043578
2609    0.040763
2610    0.040207
2611    0.042505
2612    0.041485
2613    0.041324
2614    0.041126
2615    0.040909
2616    0.040190
2617    0.040924
2618    0.042677
2619    0.041319
2620    0.039617
2621    0.040773
2622    0.041047
2623    0.043078
2624    0.042638
2625    0.040746
2626    0.041240
2627    0.042280
2628    0.042681
2629    0.040987
2630    0.063643
2631    0.066387
2632    0.052680
2633    0.048874
2634    0.048552
2635    0.048755
2636    0.048841
2637    0.048961
2638    0.049403
2639    0.049074
2640    0.048807
2641    0.049404
2642    0.049452
2643    0.049510
2644    0.049811
2645    0.048821
2646    0.047078
2647    0.041753
2648    0.043480
2649    0.041505
2650    0.051169
2651    0.043616
2652    0.043560
2653    0.042693
2654    0.042078
2655    0.043005
2656    0.041812
2657    0.044505
2658    0.042702
2659    0.041960
2660    0.041549
2661    0.041949
2662    0.042714
2663    0.041196
2664    0.043179
2665    0.040933
2666    0.044451
2667    0.044010
2668    0.042050
2669    0.042264
2670    0.042169
2671    0.042103
2672    0.042710
2673    0.043603
2674    0.042899
2675    0.041816
2676    0.041710
2677    0.042082
2678    0.040246
2679    0.041924
2680    0.044677
2681    0.041620
2682    0.042440
2683    0.043242
2684    0.042094
2685    0.052075
2686    0.051402
2687    0.049534
2688    0.051007
2689    0.055222
2690    0.050179
2691    0.049403
2692    0.051834
2693    0.052602
2694    0.051691
2695    0.051672
2696    0.051272
2697    0.050979
2698    0.049839
2699    0.050145
2700    2.094870
2701    0.048171
2702    0.047625
2703    0.053548
2704    0.053338
2705    0.052837
2706    0.075758
2707    0.059656
2708    0.050825
2709    0.049741
2710    0.050326
2711    0.049649
2712    0.051040
2713    0.050319
2714    0.050458
2715    0.049718
2716    0.050668
2717    0.049359
2718    0.050050
2719    0.050539
2720    0.050089
2721    0.046844
2722    0.042597
2723    0.043542
2724    0.042190
2725    0.042900
2726    0.042485
2727    0.044405
2728    0.043860
2729    0.043836
2730    0.042967
2731    0.042033
2732    0.044112
2733    0.041915
2734    0.043414
2735    0.042531
2736    0.044982
2737    0.045719
2738    0.045975
2739    0.043883
2740    0.043605
2741    0.045971
2742    0.043782
2743    0.042498
2744    0.043655
2745    0.043634
2746    0.043819
2747    0.042233
2748    0.042939
2749    0.042673
2750    0.052320
2751    0.042688
2752    0.043406
2753    0.042682
2754    0.043677
2755    0.042435
2756    0.042154
2757    0.043325
2758    0.043031
2759    0.045587
2760    0.044362
2761    0.043479
2762    0.041172
2763    0.043708
2764    0.042914
2765    0.044498
2766    0.043711
2767    0.043868
2768    0.046206
2769    0.044715
2770    0.045623
2771    0.042968
2772    0.045211
2773    0.043573
2774    0.043331
2775    0.042451
2776    0.042475
2777    0.044247
2778    0.043719
2779    0.042357
2780    0.042971
2781    0.043759
2782    0.043433
2783    0.042844
2784    0.041832
2785    0.042695
2786    0.044462
2787    0.042301
2788    0.042217
2789    0.040736
2790    0.042766
2791    0.046206
2792    0.043544
2793    0.043350
2794    0.042267
2795    0.045445
2796    0.043968
2797    0.044797
2798    0.042317
2799    0.042399
2800    0.051427
2801    0.042676
2802    0.041569
2803    0.041317
2804    0.043322
2805    0.042956
2806    0.041584
2807    0.041646
2808    0.042256
2809    0.042989
2810    0.042136
2811    0.041971
2812    0.040416
2813    0.043593
2814    0.045327
2815    0.043412
2816    0.042056
2817    0.042074
2818    0.042758
2819    0.045050
2820    0.042709
2821    0.042258
2822    0.042764
2823    0.043059
2824    0.043268
2825    0.042353
2826    0.042407
2827    0.043936
2828    0.044269
2829    0.043273
2830    0.043038
2831    0.042608
2832    0.044286
2833    0.043139
2834    0.043570
2835    0.041274
2836    0.043011
2837    0.043990
2838    0.042927
2839    0.041938
2840    0.042675
2841    0.043200
2842    0.045422
2843    0.042828
2844    0.043037
2845    0.042290
2846    0.044748
2847    0.046589
2848    0.043859
2849    0.046215
2850    0.053163
2851    0.043270
2852    0.042076
2853    0.042684
2854    0.041569
2855    0.044338
2856    0.042915
2857    0.041146
2858    0.042188
2859    0.044426
2860    0.045435
2861    0.041510
2862    0.041851
2863    0.042542
2864    0.043314
2865    0.044225
2866    0.041576
2867    0.041536
2868    0.043697
2869    0.042275
2870    0.042148
2871    0.043235
2872    0.042331
2873    0.043236
2874    0.042531
2875    0.041203
2876    0.042812
2877    0.042033
2878    0.043645
2879    0.042059
2880    0.043933
2881    0.045138
2882    0.045862
2883    0.045012
2884    0.044408
2885    0.043206
2886    0.043423
2887    0.045917
2888    0.042827
2889    0.043348
2890    0.042701
2891    0.041371
2892    0.043379
2893    0.041955
2894    0.042794
2895    0.044308
2896    0.042328
2897    0.043749
2898    0.042251
2899    0.042388
2900    0.050917
2901    0.041582
2902    0.041277
2903    0.040980
2904    0.042829
2905    0.041899
2906    0.042866
2907    0.042451
2908    0.041002
2909    0.041635
2910    0.042947
2911    0.043482
2912    0.041741
2913    0.042154
2914    0.042164
2915    0.041725
2916    0.041376
2917    0.041084
2918    0.042579
2919    0.041287
2920    0.042020
2921    0.041451
2922    0.040209
2923    0.042165
2924    0.042182
2925    0.041676
2926    0.041300
2927    0.041325
2928    0.040898
2929    0.042587
2930    0.043148
2931    0.041750
2932    0.041554
2933    0.041268
2934    0.044679
2935    0.043635
2936    0.042084
2937    0.042495
2938    0.042846
2939    0.042684
2940    0.042591
2941    0.043214
2942    0.044754
2943    0.044358
2944    0.042956
2945    0.043355
2946    0.043453
2947    0.042787
2948    0.043294
2949    0.043053
2950    0.052116
2951    0.041687
2952    0.042828
2953    0.042685
2954    0.041765
2955    0.041795
2956    0.042125
2957    0.045845
2958    0.045105
2959    0.043314
2960    0.042576
2961    0.043011
2962    0.043350
2963    0.042717
2964    0.043310
2965    0.042908
2966    0.044457
2967    0.042226
2968    0.043445
2969    0.043666
2970    0.042857
2971    0.044256
2972    0.044052
2973    0.043545
2974    0.042809
2975    0.043433
2976    0.043641
2977    0.042379
2978    0.041662
2979    0.042386
2980    0.046062
2981    0.044506
2982    0.044531
2983    0.045589
2984    0.044240
2985    0.045258
2986    0.043891
2987    0.045848
2988    0.045347
2989    0.047497
2990    0.042548
2991    0.044055
2992    0.044999
2993    0.046027
2994    0.044496
2995    0.044586
2996    0.044476
2997    0.043578
2998    0.044974
2999    0.045685
3000    0.051788
3001    0.042668
3002    0.043088
3003    0.045901
3004    0.042593
3005    0.043676
3006    0.042782
3007    0.044921
3008    0.044276
3009    0.043572
3010    0.043544
3011    0.044645
3012    0.043426
3013    0.044920
3014    0.043214
3015    0.043057
3016    0.046532
3017    0.044815
3018    0.043253
3019    0.042959
3020    0.043994
3021    0.043485
3022    0.043297
3023    0.043769
3024    0.043683
3025    0.046518
3026    0.044117
3027    0.043322
3028    0.043990
3029    0.044587
3030    0.045023
3031    0.043997
3032    0.044663
3033    0.044248
3034    0.046447
3035    0.044570
3036    0.043514
3037    0.044046
3038    0.045716
3039    0.044508
3040    0.043842
3041    0.044427
3042    0.044731
3043    0.046175
3044    0.044268
3045    0.043744
3046    0.044035
3047    0.046356
3048    0.045286
3049    0.044029
3050    0.053896
3051    0.042974
3052    0.042573
3053    0.043175
3054    0.042475
3055    0.042894
3056    0.045235
3057    0.043096
3058    0.043129
3059    0.042658
3060    0.042826
3061    0.045664
3062    0.043617
3063    0.045540
3064    0.045000
3065    0.046143
3066    0.044844
3067    0.043839
3068    0.043955
3069    0.045364
3070    0.045626
3071    0.044151
3072    0.044374
3073    0.042864
3074    0.045773
3075    0.042877
3076    0.044235
3077    0.044631
3078    0.043945
3079    0.044940
3080    0.044350
3081    0.042873
3082    0.043882
3083    0.045473
3084    0.044185
3085    0.044303
3086    0.044334
3087    0.042405
3088    0.046484
3089    0.044912
3090    0.043544
3091    0.044003
3092    0.046517
3093    0.044729
3094    0.044787
3095    0.045671
3096    0.043571
3097    0.044489
3098    0.043939
3099    0.044428
3100    0.053925
3101    0.045734
3102    0.045100
3103    0.044738
3104    0.043119
3105    0.044195
3106    0.045075
3107    0.043809
3108    0.043070
3109    0.044324
3110    0.045096
3111    0.046276
3112    0.044760
3113    0.044996
3114    0.044284
3115    0.044607
3116    0.042868
3117    0.044557
3118    0.043311
3119    0.044761
3120    0.044490
3121    0.042838
3122    0.044561
3123    0.045174
3124    0.044220
3125    0.043659
3126    0.042617
3127    0.042320
3128    0.045311
3129    0.044312
3130    0.043044
3131    0.044600
3132    0.044884
3133    0.046856
3134    0.043923
3135    0.045875
3136    0.045389
3137    0.047563
3138    0.044251
3139    0.043959
3140    0.045654
3141    0.045878
3142    0.045762
3143    0.045334
3144    0.044967
3145    0.047535
3146    0.047232
3147    0.046026
3148    0.045273
3149    0.046921
3150    0.057871
3151    0.044199
3152    0.043445
3153    0.045345
3154    0.045401
3155    0.045092
3156    0.043502
3157    0.044935
3158    0.044353
3159    0.046550
3160    0.043551
3161    0.044370
3162    0.044975
3163    0.044828
3164    0.043511
3165    0.046307
3166    0.046865
3167    0.045512
3168    0.045470
3169    0.045313
3170    0.045715
3171    0.045518
3172    0.047492
3173    0.046811
3174    0.045001
3175    0.044004
3176    0.047262
3177    0.045465
3178    0.043760
3179    0.045840
3180    0.046139
3181    0.045615
3182    0.043502
3183    0.043827
3184    0.052008
3185    0.052425
3186    0.053814
3187    0.053730
3188    0.054382
3189    0.053073
3190    0.052386
3191    0.054560
3192    0.055414
3193    0.053689
3194    0.053840
3195    0.054934
3196    0.056419
3197    0.053397
3198    0.053298
3199    0.053679
3200    0.062184
3201    0.043086
3202    0.042912
3203    0.042396
3204    0.042703
3205    0.041435
3206    0.043301
3207    0.046044
3208    0.046525
3209    0.045269
3210    2.068375
3211    0.043944
3212    0.046053
3213    0.044529
3214    0.043884
3215    0.044362
3216    0.045094
3217    0.045895
3218    0.045224
3219    0.044901
3220    0.045054
3221    0.047364
3222    0.046695
3223    0.044806
3224    0.042983
3225    0.044735
3226    0.047053
3227    0.043794
3228    0.044173
3229    0.045820
3230    0.047300
3231    0.045929
3232    0.045740
3233    0.045066
3234    0.047295
3235    0.046236
3236    0.045377
3237    0.044600
3238    0.044023
3239    0.044661
3240    0.045743
3241    0.043872
3242    0.042825
3243    0.047479
3244    0.046324
3245    0.045187
3246    0.044042
3247    0.044417
3248    0.044263
3249    0.045555
3250    0.054082
3251    0.044117
3252    0.042491
3253    0.042834
3254    0.042552
3255    0.042160
3256    0.044058
3257    0.043179
3258    0.042519
3259    0.042621
3260    0.043245
3261    0.041618
3262    0.042443
3263    0.042952
3264    0.042241
3265    0.044592
3266    0.045791
3267    0.044516
3268    0.044171
3269    0.042419
3270    0.045751
3271    0.044709
3272    0.042892
3273    0.042388
3274    0.046532
3275    0.045023
3276    0.043033
3277    0.043843
3278    0.044324
3279    0.046102
3280    0.043432
3281    0.043602
3282    0.043305
3283    0.043028
3284    0.044475
3285    0.043806
3286    0.042995
3287    0.043960
3288    0.045443
3289    0.047755
3290    0.044150
3291    0.043871
3292    0.043737
3293    0.044678
3294    0.044768
3295    0.043359
3296    0.043838
3297    0.044891
3298    0.045732
3299    0.044344
3300    0.053795
3301    0.044641
3302    0.044293
3303    0.044077
3304    0.044681
3305    0.043758
3306    0.044914
3307    0.044185
3308    0.043568
3309    0.043646
3310    0.044719
3311    0.046149
3312    0.043481
3313    0.044765
3314    0.044566
3315    0.043814
3316    0.043689
3317    0.045154
3318    0.044870
3319    0.046012
3320    0.043677
3321    0.043669
3322    0.044076
3323    0.043021
3324    0.045538
3325    0.043613
3326    0.042681
3327    0.043611
3328    0.043363
3329    0.043348
3330    0.043612
